9918
5032
-5542
-3921
-3669
-9119
4989
-9044
6633
-4049
1420
7927
3764
480
-1986
6285
-2349
-1639
-5886
5066
8153
-3160
-9852
-7003
-355
-7577
944
-1219
4209
-266
5421
2883
-3922
-4684
-1172
6735
-2848
4610
1298
6273
-2981
7343
6733
-1124
-1461
2155
2084
-4272
-1386
-2125
8091
-2521
4574
-5690
-4712
4989
3711
7610
3440
-7306
-8512
-2545
3748
5287
5055
178
-8234
-534
8327
-2998
3724
-195
8531
1015
2603
424
3717
915
-1264
6417
-3338
-2214
1791
6547
5876
-2307
868
-8798
1181
-8543
2888
6362
9559
5414
1489
9086
144
3686
5299
3846
-5795
-9528
-1741
-1395
-1053
3425
3585
2053
6412
-435
-7985
8668
7465
5655
5582
-2117
3173
-5919
1316
5413
7035
-142
1164
-4593
4964
-4928
-1042
8957
9301
-4139
-7117
-7249
-9262
5489
5776
6081
-6673
4610
9596
3789
-3569
8662
9209
-7939
-9752
-972
3531
-3803
-5103
3799
3721
-9881
5037
38
-6087
3204
8029
-9969
-5942
1126
9399
7706
5659
3544
2544
-9884
-7298
8337
-5326
1293
196
-3713
-4205
9974
-7841
-2748
1025
-3820
3527
-2736
-3685
-1865
-3915
5583
1137
-4024
-1879
-5918
3335
475
-4391
1109
-766
-569
3886
-9301
-3195
6516
-6117
-482
-9108
6606
3957
5564
6968
5518
1224
-4015
-2324
1530
-939
-2948
9860
925
243
-5371
-3464
-1879
-4033
8430
5311
8957
4152
-2070
-7567
774
6945
-3584
-6720
-9904
-436
426
-9080
543
-5316
9005
6240
2031
-4450
-4094
5399
5994
-7175
-1599
8425
4757
5496
54
7092
-3634
-2052
6909
-4652
2965
3346
5210
-9161
6668
-7821
9961
1774
-3377
2153
97
-5714
-4031
-2138
1340
-137
3903
-7638
-6943
7618
-2391
-5705
3812
6768
9548
-7305
-3351
-8270
5104
-6812
-87
-8429
6365
1438
-3956
-7311
-7363
8737
-9374
-6978
2460
-3568
-642
1154
5652
-5502
8787
-6143
-667
-3005
-1466
-5351
6746
8431
2280
7120
892
-6460
9343
-8609
-7553
-601
-195
-5054
-8012
2010
2264
-322
3523
4070
7318
-5065
3687
-3120
6159
7911
1182
-9969
-2743
7436
-8786
-3127
-5974
2152
-8003
9048
6271
8397
8404
-2041
2620
-1121
-2353
6096
2645
978
3346
8163
2173
4027
-1904
-3426
2482
-5518
4101
-6023
-3595
-264
3124
-964
2051
7834
-8897
3143
-9054
-8913
-65
5393
-8037
-5212
-8493
-1634
-7338
6926
-8149
7464
5626
3720
-8487
-2779
1319
4158
-9929
-2411
-869
-4702
-6494
4716
-2060
8777
6114
3802
-9907
3332
-194
-8472
8881
-884
-5241
-3443
9017
-1029
5330
5164
1379
4610
-6424
9410
6984
-9470
-1272
-3747
6322
-3448
1398
-9765
-6125
1901
-2090
-706
-6689
-6953
6040
3701
-1459
-6192
52
-797
-847
6499
-5051
1715
-766
-7298
-7026
8321
-2307
3022
8785
4802
-1520
3394
-5949
-9217
-9224
5712
2898
-6740
9630
-7560
3341
-1593
-1886
-9351
-6957
3087
2945
-4874
-7340
-8146
6424
8082
129
6758
-535
-2187
9001
-1530
8001
-6144
2718
6320
3614
-1007
-3600
-4904
5307
-2842
-1799
9164
918
-7148
-8049
6495
-821
8217
-8969
-698
1588
5886
5137
7636
787
-5057
7094
5648
5330
-3192
-8172
8784
-4509
8487
851
-2984
3125
3603
5092
-9709
530
-8963
-6198
-1882
-5851
-4554
-8935
-6748
-541
5206
2572
7439
9719
9613
5644
-3689
-7034
-4847
7223
-4238
4736
6569
-5487
-18
-3093
-9746
1983
-6689
-4139
-8073
-9583
5256
-1338
9744
-4439
-9368
-8904
5412
-4141
2944
4634
818
7168
-2901
-5393
1239
-8586
-2272
-8436
3658
-9403
193
4075
-260
2426
-8376
-417
2478
-4464
3802
-8752
-900
-259
6758
4428
-7601
-5565
4424
-5466
7813
-6873
8910
-4374
4423
-7649
5169
-8779
-1814
8430
6030
167
-7630
5532
9936
-9711
-5622
-3003
2704
-208
3065
8081
6535
342
9492
-6951
-2494
-3725
-9339
-3443
2403
470
-1279
-3012
-3911
-3061
-6529
-5638
5878
4598
-3683
960
8332
9241
9958
-6065
6155
-6033
-3878
9634
516
-1740
-1963
-7602
-926
5926
-8206
6982
7212
-7117
2183
3250
5430
8657
4185
-1609
6582
-7089
-34
3652
1333
2285
9863
5787
4104
3727
7721
-4680
2187
3329
7868
5807
-6972
4824
9408
8599
9475
7361
-6371
-3953
-5829
4150
1033
-8411
3449
6186
-60
-2474
-2711
-3271
6517
7536
-5667
6613
6517
4885
-5616
-78
-3712
-5033
-8953
6164
2509
-8896
-9658
3570
4630
-7134
7066
6747
236
1750
-1321
-8897
5905
9549
8605
9367
-7346
-1836
8080
-1824
2920
1212
-4055
-7283
-8764
2464
-1227
7013
5736
710
-340
-8193
1223
-2663
4570
1601
-6238
9448
-9603
5038
-3867
-3795
-9371
-7291
-3165
-4122
-4357
8742
9066
-93
6691
-6068
9511
-9661
-3038
5840
-3718
-6076
-1417
1703
9610
-6873
45
1060
9809
-7384
-5887
-3014
-2360
-7427
721
-3644
6260
-5148
4524
5988
-2314
3709
-2841
9730
9458
-4701
7499
-5730
-8136
5706
1858
541
-3576
7960
-3099
1795
3052
-485
-543
1994
7442
-4384
2276
-6050
2035
2065
-319
-9266
-7925
-9568
-10000
-3843
-3260
2664
-1330
-392
5267
-1894
9829
1589
1801
-4808
-7902
2943
-5138
-9372
-5328
-2626
2954
-8939
-8435
-9143
-7867
-4866
-237
6131
-4036
-8376
544
-5059
9056
6623
8909
-1224
-9914
-5395
4585
-6003
8908
3733
-6630
6828
304
915
-9825
-1549
4873
9994
2427
8798
-6976
9542
4971
-3490
345
-4686
1930
3407
4993
-2416
-3844
-4601
-4097
-3015
3422
9189
-4637
-6375
5919
22
3166
3881
-4007
-9718
-5410
6564
3786
-8384
-6044
-4092
8076
-5921
3567
2452
-7368
-816
8162
1148
4450
8475
-8666
4172
-5242
-6079
-1055
-9498
1191
7400
-7431
8875
8679
-1065
3660
9904
6313
4251
8603
-4672
-9883
-1498
-2339
1330
-4378
4712
-9678
-6036
1254
-403
1987
-921
5662
2885
-7342
598
8064
-6910
-3538
4489
-7655
-5243
1971
-3545
-4731
4187
-3018
3276
655
-187
4694
5350
7690
9083
3667
6300
9813
-3761
4124
2932
291
1987
-6169
7290
-3215
-115
9762
-4195
-2700
7344
2771
-9397
-8867
-4089
-8876
-9424
-9844
-9078
4660
-1830
8671
-7259
662
4686
7007
-3158
-8883
-3173
1025
-888
-7064
357
2620
6624
-4409
952
5603
-8292
-5477
-3342
1051
-7170
2394
-5785
-6175
-1559
-9878
3233
-2429
-8671
-3200
-6484
5222
7553
-1047
-9874
9931
9615
5070
-6775
-1831
-337
-4777
-7394
-9876
-9448
7072
5917
812
2670
-4959
3874
-2480
-8666
1025
5245
5924
-3230
-796
-1693
-8460
-5293
5785
2953
2364
2720
-1800
-193
-2815
-4167
1848
-2396
6505
-4919
-4541
9550
7679
8900
-2083
8566
-9599
1436
6169
1062
-2185
-6386
-7336
6315
9363
6501
-7282
3638
2212
4773
2425
-4821
-3025
9626
4139
1837
621
7645
149
-7019
-7579
-7160
4703
4207
-9992
1204
-811
1327
8459
3214
8310
-1079
4893
-7812
-5102
-639
-7370
-2068
-2465
4318
-5968
-9146
-7334
-8151
-2218
2796
6679
2300
-7724
9712
-2660
3793
-8332
-520
-7222
-3579
-5384
-4074
-3838
4576
-8311
4801
-4138
7594
-5569
-8226
-3919
-9145
5826
-730
2873
-5216
-9224
-3534
-2575
6260
-2653
5185
5012
-8611
-6352
6788
-5588
8569
1059
2684
-5209
1368
9994
-1682
-1681
-2825
-6894
-6146
-5432
9607
-577
-7870
5305
9058
2
-2099
-9884
7055
-1154
-5493
2
-9998
4101
5526
-8128
-7262
3406
-9955
7465
-959
6629
-1907
-9398
1407
-7733
-1286
-8150
4281
-9102
-6268
-719
1520
-9233
-8747
-9265
1698
2970
6980
5002
-7128
-8251
8446
9504
6814
8964
6181
-608
6072
-8453
468
512
3959
-3632
-5409
-3946
-8763
-4620
-301
-1697
4747
332
426
9939
-2530
4663
9090
-1237
-7177
-2801
-7799
-1113
-7238
-7928
2817
2004
1510
-2280
4420
5097
-2788
2490
-972
5416
-8196
295
-5610
-6856
9327
-5763
1480
6252
-5614
-7822
-4100
311
308
-4010
-9721
8463
-7808
6319
1638
-6237
6643
3388
7907
-2740
6304
-62
-4217
9775
5032
-720
8750
-1309
-4678
750
-9485
8764
-6051
-326
-8276
-388
-4686
6970
-4136
-4134
1659
-2795
-1923
-4377
-628
3315
-9511
-1849
-8996
-169
-8261
475
-5268
-6770
6952
-4691
-4492
-1917
2961
7401
9057
9906
-1665
9365
-6104
7794
8240
9593
-967
3869
-7753
3653
7259
6283
6659
8998
629
5290
-6594
-5806
9284
-1932
-9688
-8832
-6874
2964
-2980
1016
-660
-1159
-9153
4374
6150
1062
-8349
7149
-9755
20
6173
3624
2423
-1542
-4997
-7217
9021
-9298
2850
-5020
4967
-3883
-2841
-6408
-8492
-4193
4992
-4013
3343
6694
469
-2139
-6531
1735
3313
-1096
4425
8635
6203
4812
7846
-4981
2058
-3829
7747
6138
6342
-405
-349
-2250
-3924
7930
-6850
2985
-8600
8982
5904
-7562
5698
2826
-7719
7805
6307
305
9791
-8992
7
2582
9632
366
993
-2463
6055
-5391
6061
-518
7217
4777
2941
-9447
-4135
-7740
3223
3269
2756
3129
7051
5286
-4606
-7261
5812
92
-172
-3452
-5194
8228
5084
-7313
5029
-6339
7191
-9088
7754
-2403
9697
8883
1928
5881
7123
4576
-6235
339
5315
-1870
5865
9835
-3530
8674
-5760
1324
-1529
5903
6894
-5324
-4984
-2680
-8425
-9499
-8957
1513
592
4252
-5749
9053
-8263
1762
7537
4258
-2328
-4469
4576
-1331
-1740
4305
2757
-4663
5157
-7803
-4540
5415
-423
-7113
-6135
-7246
5223
3980
-4477
-3578
-5375
7249
-8389
5365
-2669
-260
2012
-681
-7360
916
7960
3478
1228
7278
1370
7416
-8009
-2855
-5127
8404
-7527
969
6406
-5557
3550
9687
-7800
244
7347
5745
3818
-4238
7866
-2742
-6267
-8992
-2306
-4447
6436
-4881
8105
3303
4051
8892
3435
-7747
5178
-1497
6297
-4957
-6322
3625
-1905
-4088
594
-415
4100
-2429
-7917
-3244
7345
3342
-5831
4410
6258
3142
-6267
-2978
1557
-9669
5404
3222
-7751
-6712
1341
3481
-6224
7602
4227
6897
5814
3566
-7305
5953
5841
-6254
-7317
3299
4451
-3152
8564
-1476
-9788
-9384
7382
8812
-5317
-7575
5290
580
2603
7059
-7484
-4884
-4159
-5014
-8544
-9606
5476
-8727
-3217
2632
-3487
-9093
-8586
9514
-8269
4578
7950
7442
-84
5924
-3814
6457
2673
6647
-2079
-2163
4977
787
-893
-9906
4339
-4274
-4041
7473
-7058
1437
3087
3585
1558
-441
-490
4723
1436
-9849
4519
3529
6178
3636
9596
-3771
-153
-8767
-4248
-6630
-1857
-8560
4589
-4473
-2917
1564
-1184
6489
2346
-9199
-7447
-1577
7414
5682
-89
2542
-3934
6671
-145
-4215
-6087
-8633
-5018
-9694
-364
8163
1618
2594
-3932
4805
6751
-1915
-2591
1678
-2009
5613
-658
-4735
2284
5541
-9553
-2425
495
-2399
-8904
9085
-8217
-3095
-2956
562
8015
-8199
-4198
-8017
-2401
7485
6832
1445
-3577
3920
2905
4364
-6595
4103
4018
2281
925
-8150
2464
7570
-7930
9501
-6772
4488
7008
4532
-9665
-5815
-4725
-3991
-8616
-3055
3506
5889
7910
5407
5884
2529
-4523
-1743
7535
-3963
-6060
4706
179
-1010
4324
5296
-2731
4107
-5214
-2548
-8471
950
-1549
-2483
-8430
5197
-1883
-3369
4718
-5995
-4739
-8178
-5946
3505
8292
-1367
6695
-8583
8190
2946
4284
5164
9408
-5549
1771
-5911
5628
-5252
-2288
303
-4337
-6300
5240
-3316
-5622
1866
-5650
6447
8101
-6672
-9313
-7770
2586
7001
5008
1843
8436
-5312
4448
-1916
-6862
-158
4505
-6412
5589
7599
7528
-2457
2404
1144
-207
3614
-753
3892
2875
-4757
9091
-4624
-6001
4385
4905
5262
441
4888
9577
-5364
4544
7555
6292
-2171
6019
-941
7481
-7706
-9674
-4584
-8691
676
7951
7106
7249
869
7164
-5532
2023
5429
-97
-38
-6532
4968
-8477
-2742
658
2438
8418
711
9306
7857
9764
-7152
-1949
1794
3814
-7750
9211
9600
2018
7943
2316
-165
-1781
8439
1387
5260
-1095
-6752
702
4293
4732
1928
6994
-3804
-2491
-619
-7483
-867
8780
3069
-8140
7878
-7108
-3614
-5051
-7446
-9217
-2334
-6595
-3706
1387
-4836
8018
4542
9838
-1577
5374
-3496
-8314
-5645
5844
9830
-430
-1655
1372
-9757
6308
-4229
2628
-434
-8612
-7201
-767
-3830
5175
2180
1163
300
-5925
-3538
-6440
-2770
-420
-6748
7927
4883
-2600
-7576
-9839
-175
-9438
3291
-1146
55
-6615
-6778
-1214
-8384
5446
5192
1594
4215
-9971
5456
6889
303
9551
-5705
4750
-104
5391
7322
-6095
2351
6675
1495
4972
9483
6066
7563
-6555
7175
-8736
4374
6488
-6464
8067
302
-2801
-5025
-7816
-7940
7530
7343
-8845
-9114
-7781
1506
-7804
-7597
8191
4490
6565
-9760
8772
145
-2801
-9131
1225
8407
8807
745
-459
1887
-9278
8695
-4590
-9760
-9771
2407
-2911
5008
-1931
2
-6631
-8680
-6918
-901
-8390
-7785
6863
6798
-278
-3699
-3714
7292
-393
-2539
-1657
-1642
-49
-9490
-6632
9081
-438
-6154
-30
677
-840
-5891
3931
-9470
-5471
-6428
8684
2630
7612
7025
7678
3990
1576
-1145
915
-802
-8001
-9571
-8505
810
-6703
9323
-7306
-5423
7815
-4513
4729
3223
-3847
-1360
-7158
-1093
3815
8640
3325
8002
5686
-4362
8425
-7221
-1101
7257
-8806
176
-692
8792
5995
-2140
1370
2511
-571
-2733
-2019
3640
-4515
-5007
-5278
3399
2911
9495
-1783
6233
4810
-9253
-7158
-1545
-8385
9023
3079
-2733
-7470
3324
-2438
2700
-7331
-7841
-88
4936
-9339
2740
5908
-6377
6199
5883
-8628
-5327
-3938
-8785
-9608
2810
7025
1225
-7347
1090
5874
5438
-5472
3794
5483
-964
-2418
5267
-8372
3547
-901
3329
-1722
7789
6855
7364
1323
-9556
-1498
7126
-7030
-3485
-8901
8334
8055
7823
5744
-7941
3051
9892
-4356
2498
9783
-7891
6400
5081
-5534
9924
5359
-5768
2756
-7020
6173
-6404
1458
-774
-6247
9965
-3315
-8589
5111
-7441
-7981
-9586
-7834
-9757
-6441
1388
-5135
-8084
-900
9856
-5827
-7786
-2825
7308
5733
-2308
-435
-1185
-5206
-4059
4459
-2322
-7676
7932
9673
-3663
7249
1106
-2680
8664
6403
1059
8695
-3688
-9287
1397
-2667
5654
-8463
1757
-759
-4619
9573
-8830
7848
9395
-2736
-9455
8220
-5623
9301
7031
-4878
869
-932
-2582
-8760
-7901
-8513
-8511
-9325
-6844
7748
-5955
-6878
-807
-1701
5412
-334
905
8083
-2437
2344
-2167
3212
1227
8375
-8417
4673
-6029
-1518
8958
-6789
-3359
9695
-433
-2483
-3552
1074
-1509
-7160
7370
4750
8904
9
7641
5397
-8334
5982
-7728
-911
5406
-4362
5738
864
3849
-3031
7819
4834
-5650
6415
2582
7156
-528
-8199
1745
-7616
6392
3677
-5323
-2043
4870
-8371
-9748
-1639
3694
9226
-2290
7535
6161
-4381
8083
3852
6261
4779
3197
3058
-4855
3943
8846
-4960
-1646
3310
6277
5981
-3409
-1436
-2464
-7951
8078
-7743
-3315
716
9845
-5254
4810
3410
-7032
8241
-698
-8775
9885
4439
9997
7687
1603
-2833
1053
7407
8112
-8313
1565
-9107
-1458
1941
-4864
-3027
20
310
5840
-1831
6607
1634
-2228
5400
3453
-4601
6538
-5421
-2306
-9487
-3425
6179
6827
-8316
5932
-9038
-2027
7431
9815
3697
9657
1531
-9341
-7084
-5177
-1
-9955
3676
-303
7233
-827
-1768
-7205
3622
6750
4021
-7075
5484
-6215
-6532
3398
6956
-2627
-2253
273
6296
-9931
8594
8511
7434
-7852
6565
-3979
4736
2898
-2158
9271
-6332
-7032
820
-1758
4175
9934
6261
-4657
-5452
-5046
-8609
-970
9208
4300
-8900
-9470
-6516
2596
-2979
8211
-1334
8737
-6824
4646
8454
-2819
-8449
6936
7801
5144
7831
9735
-1932
2204
1186
-1130
-4364
6472
1913
-6235
3852
6525
-3970
-3339
6701
9034
-723
-7945
6221
-507
3169
-8265
-5190
-4475
3830
-228
5748
9152
1066
3548
2170
9645
-5075
-2130
-210
-9436
-1682
5150
-4585
-283
-7432
2985
-95
9765
-6444
6367
7354
4034
-9658
-1321
-4832
-5302
-9844
1192
-5871
-1801
-9314
6763
3355
-2292
-2740
-3220
-1242
-7338
-945
-6763
-3622
-9985
1553
-9619
5187
-8716
-8421
7401
629
807
9027
-9379
-1539
-9421
-735
1805
5964
-4924
4206
2878
1030
2054
1022
3700
3049
2667
4832
-4993
54
7939
-6232
-2087
8961
-335
9351
790
7684
2304
-3174
1566
797
-8814
-5120
3304
-5499
5158
-7871
-5291
1937
-9777
501
277
4901
4785
2196
-2130
9897
-1490
-3496
8082
9247
8943
8459
-7640
4877
6942
-5838
2557
8390
-8673
9883
-7238
3076
2351
3671
8876
-3151
-6036
-7093
-5240
-3484
-5812
-6082
2422
-3911
5922
1377
-3889
316
2326
3803
-7708
5786
6366
4166
9541
-6949
-2722
2826
-301
-5681
8411
-8373
3054
1856
-4791
-8325
6844
-6340
-2326
4546
5095
4099
500
8719
-7683
-6716
1186
25
-1819
2394
9628
1386
6793
917
-9705
-590
9256
299
-4819
3873
221
-6951
-4459
-6223
-6581
-2504
-3419
1123
302
-2153
-4260
227
-4547
2972
-4819
-9912
4078
3588
5998
-1479
-5773
9978
2679
5571
-8940
-3666
4562
-146
5857
7772
-5252
-47
-1189
-2902
-6817
6668
1258
-9041
1369
-1785
227
-5738
-5724
-9286
7999
-4839
3695
-4593
-9569
5006
-7737
-5795
3609
-3101
9288
6786
7097
-615
1743
6375
1207
-3125
468
5194
470
6753
-6682
-1861
-6503
1151
1495
-6871
-2919
-4364
-284
-9271
5170
-420
9735
7721
4871
-105
3535
6142
5047
-3923
1678
8904
-4567
2448
4240
8491
-1526
-3344
-5619
-2871
-8992
-1598
7698
826
1690
-2134
9292
7625
-2803
9140
-918
1605
-6965
1031
-4621
8444
1957
1368
-6030
9734
-6542
-3687
9475
1104
-2637
87
-3126
-9864
5386
-805
7016
-5720
-5827
7620
6516
-6435
-3210
7003
7578
-7650
-7764
5877
-7451
-4940
7137
-3999
-2145
697
-1855
-1598
9983
4787
6114
-7060
2302
-9341
9925
-8689
-9929
-1835
2864
-9246
6274
-7939
-7963
-4262
-5528
-4118
-1525
3309
-200
-4142
-6973
-3861
-1339
-436
-7633
-4431
-7927
9111
2330
8153
158
2977
8005
4926
-1309
8045
-1782
4563
-5272
3312
-49
-394
-1352
-2735
700
5966
3299
6956
4782
-8480
3209
8231
-6605
7288
-9644
-4403
-8105
-8807
1387
-904
5278
7075
2988
-5436
3762
-7789
8721
9144
-8600
-1343
-8183
4959
6649
118
9526
-6
-1082
-9444
4266
6815
-2152
5985
-9566
5388
-2374
2203
-1403
4251
7156
7852
2048
-6424
-7371
3578
-4101
5709
352
-7423
-4605
6121
-7555
3818
-6343
-5703
-2925
2477
-3911
-3509
5752
8241
9088
-6773
3119
-8367
-9824
8560
-943
6636
-2707
-412
-5887
7370
-4248
1874
8140
-7207
-1674
-5510
6163
-569
-6214
6506
9815
-2374
5810
-7137
-1063
-7815
-8018
7413
3816
-6490
5268
-5535
7341
-8356
-5110
-8454
7293
677
-2439
2573
-6462
6268
4105
3402
-7910
-3820
1566
7387
5543
5126
387
-5622
-4482
-8063
-5542
813
9589
-8586
-3138
-6248
-7122
-6065
-9582
-8273
-6367
8284
-7505
-8720
9345
-4992
1900
8540
-179
-7353
6883
-630
2901
1739
4440
7140
-6775
9513
7255
-4610
3061
3788
-5022
6846
2783
6987
1195
-4875
7241
9698
1479
-8496
1849
-3819
-8058
-4533
-7748
-35
-8384
-1181
8994
-2368
-9337
-322
-1979
6350
4502
-9230
1902
6988
7302
-519
-3662
2593
421
6956
-5108
-5514
-6068
1786
3354
5579
3271
-9807
-1818
4185
7854
-884
5837
1522
-2696
2740
-2448
2870
604
-2041
-5204
-264
-6542
4705
-9674
-6453
-1639
6765
2850
-5576
1240
9871
-7498
-9572
-3151
4862
-1035
909
-8948
-8292
-4565
-7769
-7323
55
-5724
-4410
8615
-8870
-9532
-6581
-2718
-8943
-977
8330
-8422
165
4989
3343
-7102
-8217
-8077
9188
8887
-8387
-6284
3533
-5186
7788
-8622
3535
-4921
-133
-6002
2781
-7346
-1714
-3724
-5079
3599
-7472
6610
9702
2249
-9570
-6509
-1581
3906
4783
-2428
-4132
2439
-3327
-1312
8560
-8598
-9357
-421
9202
8259
1610
-2847
2604
7770
-3529
8341
5756
-9687
-701
6138
4943
-8521
-4861
8406
9571
-9170
4186
9772
9448
5994
7507
4523
2640
-6078
3375
-6574
-8099
-3992
1989
-4080
2431
-1909
8396
-4716
9269
-7228
-8176
8822
-665
9231
-7266
3264
-5431
-7962
8058
-383
-6013
-353
-7263
2374
-4480
193
-5343
2238
2632
-6418
7272
1591
593
-8743
-4171
-6359
9302
-4278
3788
3185
2666
-5143
-3945
-2416
-7600
-964
9385
7271
-1636
-4322
-8795
-5491
7752
-2395
5810
5724
2135
8741
-2420
7171
-5597
7913
-5265
4652
-3794
-7787
-5631
-1083
-5983
2595
-6738
4963
5158
-1609
6026
-7027
1330
1773
2375
7286
8650
2696
-2410
-9932
7227
-6824
4932
7350
7817
9773
-1688
6846
-2945
7851
8630
5244
5270
-882
-6126
606
6615
8304
8203
4664
-2958
3919
5952
-7117
-1712
-8119
7501
-3427
-3046
1387
318
-688
8590
9552
-5228
8661
9711
-1764
1682
-9496
-2090
9277
8810
9607
8321
-7809
-6223
5060
-9428
-4035
899
-6346
1201
4486
4638
444
-2824
-441
6631
-9509
-8851
6130
-4904
-320
2376
8524
-3731
396
-4613
-8616
1578
-4692
9837
-6719
-2676
7340
-1880
7511
-8249
7514
-4944
-5746
-3003
-599
-4544
671
-7817
2876
5933
7714
-6733
4731
-767
1924
354
-4095
6850
-5602
4484
5388
-2090
-9172
9879
4927
5280
-7721
3900
3957
-4841
2689
5843
-2293
7836
7585
1263
4251
-9080
256
7797
5818
-4488
-3522
421
-1379
-3078
-9251
5102
1248
5272
-7977
-3182
-3965
-5202
-9195
-4117
386
-6680
-9966
-1713
-6143
-2804
1616
-561
3396
-3569
4251
3079
-6356
-4516
-1180
5803
-2784
-6925
-3662
-4894
-7119
-2292
-8299
5046
-3016
4283
-1638
-8891
5088
523
-2290
804
-8155
3054
-7728
6464
9351
1660
-9438
8177
1238
-8429
-7018
9705
-7306
8901
2944
-5415
1014
7847
1453
-5186
-8615
7482
-5047
3900
-374
-2832
-3666
-5498
-1564
6850
9873
-2181
464
-2100
2596
2209
-6250
-4019
4801
-5677
-386
3366
5553
3297
-3708
-5321
-7333
-1612
-4862
1562
6299
-3719
-9588
9470
103
4046
9267
-573
-8050
-3709
-7983
-1260
8715
-8017
-2190
-2102
329
4310
724
5250
-4496
-6902
-3396
1386
-4830
-6315
4693
-374
2853
750
5038
-6765
8849
2302
9440
214
6640
-1608
-3686
3189
-1815
-5959
4208
-4689
-5935
9209
1902
-4177
7895
3046
-1600
4377
-2940
1344
3863
-7041
-4150
5709
-5144
-1798
1253
-5170
5623
2740
3753
8623
9989
-3262
1519
3903
9310
-1829
2719
691
-483
-8998
-9271
5754
2905
6732
7344
1766
5293
3160
147
-9256
212
4964
5631
-1484
-5487
5411
-9014
-9378
731
-8454
-7845
-271
5832
3609
-5476
8070
-3947
-1926
-999
7913
-8276
-2046
-1021
-8208
-5461
2101
-1170
436
1800
-1868
-3093
-8749
-3921
8826
9110
-9024
-2767
932
1897
-4213
-4236
-6968
-4295
-1602
-7957
8388
-5060
-5263
3586
9200
3866
-6604
-6424
-5343
-6497
834
2888
7110
-6099
1988
-168
8849
-1520
-3724
5908
-8549
1313
-3004
6878
-2685
-3420
887
-2408
-6029
-6068
9755
3179
-5105
2920
-4656
-1040
-4938
5345
-7578
2102
-6596
-557
-9862
4147
214
-67
-6703
9663
-5928
-3368
-3016
-8866
3328
-9254
-9394
7108
7896
9694
-6319
-5116
259
8216
-2801
-5359
-8417
-4956
-1130
-4739
5345
3769
-7936
-7225
-7669
-8861
6041
-705
-2461
-6349
-8309
1399
9054
3716
-8697
474
-5866
9590
-1631
1111
2914
-483
-5249
-7709
4660
-4622
3403
-986
7940
5877
-5569
6604
6973
-5776
-770
-6224
475
-5972
-4506
-1486
-3148
-6642
-5088
2382
-2367
2368
-3674
6413
6226
-976
-7879
3723
-1851
3960
-901
-805
-1087
8721
6527
-4129
1850
-5471
-2650
3800
-5442
-8277
-1446
2629
-5451
-6236
-8560
9443
-6245
-2134
-6844
2583
-1066
5564
-7028
3511
4641
-8967
-9381
-4625
1070
6419
4395
-2644
-9126
-2085
-7011
5598
-7172
9973
-7259
814
877
-4742
5767
3855
-9397
-9988
9264
-652
-7138
-1072
6861
-8814
-4605
-9829
-9072
-8910
-3689
7418
3723
-7848
9668
9295
2275
2186
3937
-1313
3117
-9914
9113
7517
-1400
30
-3617
142
6072
325
79
-2404
7282
-9157
-9477
-451
-3474
-5204
1517
9997
9706
2620
1754
8843
1594
950
206
-7708
-7118
-5637
4011
8831
1189
-4367
970
8578
3750
-7165
3866
-3384
2949
-7848
8918
-9597
-213
-1190
-8156
-6220
-4239
-4639
-3625
-9471
5509
9294
716
2113
-6491
5685
-5334
3254
-2593
9687
8567
-3792
-8747
7071
9270
-5568
-8306
-3524
4425
8781
-7719
-2897
3698
2468
-8152
4021
5101
-2855
9245
9608
3310
-4816
-6478
-6916
-5998
-3947
5798
-6851
6141
-4142
-799
-659
-8709
-3464
8108
-4093
6903
1451
1906
-1156
5148
5060
2004
-3041
7187
6014
770
-836
1235
-5
-7551
9153
9566
6488
2353
-7120
-7328
75
4861
-1746
5224
-9355
7887
-8222
685
-9934
-4477
2546
-4279
-9305
-3292
-8862
1288
2235
3543
-5902
-6355
-7427
-6883
7213
-7653
-1722
-3333
8350
-413
8626
-657
6216
-2793
1268
-5341
3298
-6730
-3473
4485
5566
5307
-1376
4151
-3334
1589
-711
-1266
-3640
-7740
5258
-519
7240
-4728
3269
-8086
3693
5220
4720
-2593
912
-4871
-2551
479
-4823
-659
7834
1421
4839
1432
-5147
5111
-6641
7249
-2280
7528
1429
-8289
4978
5559
1086
1592
-1358
3500
-3586
-6482
-1823
-5118
9745
1579
-7373
4116
7904
-7151
-4873
2166
-3044
-8727
591
-4401
1928
-4345
4314
2462
-4952
5972
8316
-2246
-9383
6545
-7778
-6068
4016
-7355
1253
5244
-8374
-9472
2134
-1136
9177
-8366
2191
-7685
7869
-8159
9602
515
8027
2320
9376
9182
9214
-381
5296
-7372
4769
-5807
-8786
-7390
1416
-9044
4401
9284
-6628
-8976
-43
9814
-9830
-9618
-7428
-312
-9763
4247
8676
4634
-2123
3081
5394
1746
922
9661
2061
6315
-2740
-7564
6835
-9875
5369
-2011
3547
-8037
-5649
8566
120
9165
9647
-5324
6776
3929
817
-1915
-9645
-7481
6479
-5241
-1787
-6108
417
963
-9007
5365
1348
-5813
3039
6327
7048
7609
-9758
7277
2918
-1292
7995
2639
7782
3249
-8756
7153
-3026
9523
7096
-2361
-5382
-9883
5128
-7515
2748
-1011
305
6673
-7621
-9292
-3898
6782
-3585
6444
-3876
-2467
-8175
3335
2985
-3453
-3832
9917
-2705
8951
-1387
-3436
7613
-1597
-3041
-1774
-4411
-288
4456
-617
9813
1735
3195
-8639
9742
1428
-6415
9478
-5797
-2977
-6343
-8737
1007
-6990
-1874
9340
159
-3907
335
7828
9392
1806
-6212
1358
7914
4475
8780
5725
1017
-2416
-7906
395
7708
-9255
-8590
3686
1069
-5999
6292
1978
-4620
-5815
2409
-8569
9164
-3341
-9432
-3558
-7521
-882
-7373
-7524
4283
9250
-5676
2623
5490
-3842
3307
-3983
4675
-6807
-6549
2691
-4762
-5690
-2868
-7253
3141
-9364
-8937
8443
-4887
-6378
4822
8660
3393
-7529
-5169
-838
1967
8619
7780
7389
-3440
-1731
3677
3814
-2296
-426
9253
3816
-1835
-4220
9194
-4325
3008
-7747
3060
3425
-6287
2977
-1543
-1091
2383
2398
-8641
-8122
-5305
3037
-6574
5265
7253
-9997
-9528
9000
-153
-3675
6550
-8933
5122
1547
-6511
2139
6785
9778
-4889
6911
9705
-1405
3
-411
-8210
-7095
1106
425
-3133
6922
7505
7004
-9316
8453
7777
-2610
-7145
6978
8121
7383
-5021
665
7329
3108
-442
8090
-7716
919
1285
3300
9594
-5638
-2768
5474
-4608
6278
4475
-828
3381
5087
5901
4923
5692
322
-305
-4975
-3779
-4664
1317
3834
-3458
-9868
-1054
7041
6485
945
9126
7306
-7137
-9461
674
7526
9650
-8023
1665
-9693
-8320
4378
882
4429
-2250
937
-8951
9131
1609
-4127
5454
1436
-2675
6355
1264
2908
2690
-9836
5205
-118
4616
7844
-852
-2158
-4690
9490
9144
-4230
9620
9108
6259
-7628
-1039
-2394
4690
2819
-8072
2925
-7714
-1908
-3900
9879
3399
2620
-2674
4437
8193
-7835
-9257
-5862
7085
-7234
3069
4093
3110
-6031
8494
2991
6784
-4306
986
-52
-4345
-83
-71
3444
-2526
4655
8554
-3216
720
4604
-5712
-6628
5587
-5285
-7180
-2995
-5818
3374
5602
-1142
-1343
-1051
4837
-8265
-8602
-6760
2091
-2847
-8732
6673
2687
-4709
6424
8378
-1209
2845
3537
-4756
4754
7591
1949
8001
-1066
-7940
-2055
443
-3427
-2335
-7997
8262
-4592
2142
-311
-5133
6568
1537
8433
2333
9105
5570
-402
4332
8296
-8794
-4420
2884
-2772
-4529
-8912
183
2651
-2301
-5403
-6149
523
2559
-9923
6859
-8490
351
6828
-454
3559
9770
4997
7265
-7962
-5890
-5044
-5251
-39
6915
-8434
2337
7870
-6482
-2806
-4403
-9376
9576
9459
-8290
2037
-8799
-8115
8983
7357
3414
-437
5491
6139
-5316
5398
-9510
9334
9940
-8956
-2276
9648
4058
8495
5488
-3940
7809
-6595
5230
7115
-8020
-6375
6519
3837
-4063
-2376
-5888
-2734
8338
9878
-5768
-335
9632
-2257
-9674
-7229
6208
3363
8278
-6656
-1741
5213
-407
7516
-2016
-5078
5659
1720
-3416
-2894
5099
-8471
9708
-3331
-52
6584
-3726
5846
-5027
8894
9438
4761
1726
-1117
5019
3766
1482
-5157
-1675
3569
4917
-6309
7621
7302
3133
-2615
-2428
8127
9044
-9294
2326
-8237
4488
8739
1744
-2246
9825
-3825
-9399
2743
-1647
-5674
7770
7577
3650
3360
-3253
-2542
-8777
-4812
-8155
-3528
7810
-2514
-8775
-4365
-8952
-5338
3999
1857
-6342
-6221
4835
-2227
2407
7663
9637
3603
9654
-3073
7712
-4582
-7719
755
1439
-7320
8404
1357
-7125
-7683
-3485
2427
8448
9579
1445
5750
3322
3225
6387
-5932
-8863
-7824
-2372
1931
9355
4157
4647
2703
-4070
-4807
-7072
-6994
-9394
-1391
-5768
-3711
9552
8207
-8818
927
7791
4212
1001
4472
1441
-7962
8438
5507
-7931
-4520
-3164
-2081
-3899
7032
754
-9436
8759
-6884
8227
3669
-7865
1270
4482
-2258
1513
-3847
-6868
2989
4009
-1518
-5855
-6863
-5780
2219
-4776
-1439
9931
9815
-1667
-8443
7689
3292
1170
-6778
252
-305
6126
-8713
-915
-1444
-1845
9010
-1587
7665
-6696
-3837
1577
-1427
8589
-7575
885
3161
-3634
3659
-6354
6530
1048
-6589
-3307
5163
-9079
-2508
-8255
7553
30
-2433
-5313
-1039
-4655
-6770
-210
-8704
-7870
9934
619
6670
476
-6187
2124
1395
-5464
653
4232
5402
1787
5534
8173
-3291
1584
9643
-9582
8834
-1455
2307
-487
7481
2569
-6226
-8213
3215
7691
5124
-7646
6997
5346
-503
-7929
-9995
-1358
-6015
-4087
306
-6095
-3404
1922
7664
1930
-2927
8824
-1002
-2885
3988
-5869
-562
-5359
-5955
2329
-5111
-5789
-8105
-1055
634
7228
-2181
8233
7197
1514
5104
-6319
4479
3408
-9992
885
-5054
-3965
104
-9908
6506
4484
7108
5602
229
-1363
-299
-240
2036
-6209
-8235
-8909
5705
-6674
-4380
4874
32
2637
9768
-4862
3453
-216
7472
-1599
3519
193
-1418
-3418
7120
986
9318
9483
4583
-9452
-3274
752
-439
327
-716
-8192
-397
6970
4388
-7745
-1129
-8
-9503
3461
7418
4034
5278
9799
3741
1862
7963
327
4392
-360
5094
5029
-4128
-1264
-9085
-9238
5879
3519
-9952
-2236
8453
-5444
3302
-5286
3194
2479
-1584
7871
-4626
-4915
-9326
-8760
1893
-494
-8985
7443
3742
-4163
3372
6602
7066
-2074
-2086
9919
8246
5513
465
-6545
2154
-2531
5489
5198
-5157
-3695
9893
-3258
5169
-7673
5408
4340
-4186
320
-4850
5405
954
-6408
415
1770
8131
2536
-4047
-5497
-616
5292
2687
-7574
7530
-3997
-1451
2643
-9386
-6748
3235
-2421
4
5310
2174
-1146
-5036
-8043
-7144
7369
2308
-416
-996
-1425
5594
-1175
-1699
-2288
-4037
2231
8694
-8064
-663
-6386
8552
1160
9614
-6041
3017
-7736
2264
-8110
-6487
7637
-6252
-9278
5535
4462
6171
7494
-1478
-7812
-8562
7105
3356
-9079
6079
9013
-1875
-2694
542
6060
-9846
-9813
2466
-9912
729
6591
5293
-9552
-4377
1438
6878
660
7551
-4897
