6657
-6450
748
97942
89
741
152
4384
9359
-7892
79837
-494
-96
-97
286
-41651
-95
-765
81
-91
81
-27716
514
1932
-5200
-883
989
22917
-3697
-336
-915
-93073
-92
-83
6646
5197
-90
-60570
9872
755
-19592
96
9753
-88720
-680
95
-534
85
290
262
-7495
-93
-82
-13833
40701
84632
-89
82
-7040
999
90616
30925
-89
6654
-8576
1429
33951
-88
-495
1090
-84
-910
84568
33154
-52884
-100
14694
573
8453
-82
2475
-888
-431
-61862
-80
671
458
88
-556
67744
-8317
-575
-89
-4519
3317
-93585
-12317
-7822
-886
-100
-3954
-99
8421
-367
-1565
-19816
2024
-547
-447
-249
100
-42015
6065
-94
-4302
-694
87
72660
-189
-121
-219
-717
80
-90
-84010
-3085
78696
1001
88
-490
-3644
79395
88
-8830
-458
-90
94664
-637
86
95
8162
1697
-9030
-91
-80
-341
710
6090
188
410
-88
-7859
-436
3552
-2940
57708
-9981
-11705
-6595
-22828
-928
100
61472
-77680
100
-80
-4715
-92
573
-6282
-3084
-53042
-33638
-64580
81
-965
-88
83
3926
-178
-49825
-55885
80
-81
323
-207
85
-76191
100
1702
27571
-7305
-6762
879
-85
94613
503
79638
-33265
-65814
-99700
-5526
95
28400
9639
5326
-59637
-95
-15146
93
93
89040
98023
-197
-44876
-86486
-9964
3736
-87
-42846
92
96
3305
-55059
83
14635
-483
-651
48975
-5671
-85
-49312
-256
-9645
76523
3381
-817
84
710
441
-311
-85
-84
-9991
-949
-70946
-7663
-58387
12344
-56871
-237
-811
-54787
-82345
-1620
-84
85
-9901
90
-90
-27976
-81
96
-8268
425
171
-15255
-7532
-94088
80
8233
3504
81586
528
-87
-6922
-95
45105
-80
-823
-2682
-435
88
-92
8731
-5420
-51313
-86
-86
-849
315
99779
-93
-86
7280
-88
-481
204
338
-454
-5483
94
-87
87
-82
394
86
-35480
-71795
-634
85
-81
90
-89
-5614
54553
565
9183
-87
-84
-56972
7883
-224
-94
-9829
6246
-26057
26787
-49744
-902
-9923
-143
-2638
63976
-91
-400
8565
3884
-55415
941
-81
-286
-6235
8977
876
-4578
-95
83
93
53542
-7317
-93
-99700
-54559
-7721
702
-442
-35134
80122
-541
-630
-2809
-182
-61170
-924
800
-5081
-94
-447
-74296
-98
-4195
-671
-45340
-54358
-314
3458
-9787
92637
-85
97
-828
-83938
92863
-43483
-8773
98
-65952
21460
-12314
-344
83
-351
3287
87
-93
697
-34520
-9661
-5469
-34242
96
6921
-686
-3745
60191
-4865
-86
-39388
49643
-100
-7774
-155
-452
26114
-93
-68431
61415
-81
94
95
7029
-66131
-354
803
-156
892
716
8376
77416
-95
-6203
968
-41350
85
-764
752
9672
91
-644
-89
-63302
-4743
97
-98
100
-16556
-25288
-297
89971
35601
-60804
8528
-56772
-97
-701
-764
82
734
92880
-93
-81
-54811
93
-865
-341
-1383
100
-686
86624
-3366
-83
15399
-98
-56726
-4517
80
5306
-90
80
-53527
-92814
9879
-6276
-258
302
-3024
-493
-445
-856
-266
-72478
69170
-764
985
-551
1299
-89
-37453
-90
64913
-6316
-8966
-87
-3364
-799
80
2515
-88
678
660
9144
-39433
36063
2640
-21787
2438
-88
-316
-910
-495
-5539
-6385
-283
23289
-1074
-90
68926
-3697
140
-87
-39031
890
37870
-9926
-87
1617
45937
-5508
826
-88
-57471
-87
6402
-35639
85
94
-960
9146
-96
-999
-489
-7863
-9640
-5367
-91
-96
7768
3809
-983
557
88
-99
-397
50111
95145
-99684
2430
-508
-482
95
-521
-901
-83
-96
92
2213
77418
-99
-94215
975
74191
-622
167
-87
-85
232
95
95
80
-277
84964
751
86
-5731
23888
5939
-815
92
-914
-4136
2499
74752
-518
85
23412
-6181
21173
4543
-292
-6428
89
-1825
92
598
-36229
-49665
-100
-100
-80
-81
27503
-8494
-140
-229
-95
873
-9078
41166
-99
3521
921
94
-201
236
-470
-867
-633
78895
-256
69394
6328
-3188
80
93
-89
-4204
-80904
-56408
-891
-1489
-96
-97
-323
-7835
193
618
27003
89
67233
97
-2139
-100
97158
-6285
1303
83
94
-8327
43043
-84
5536
-84
-7487
334
-184
-84
-5898
-324
609
-212
-80
619
-8243
95
-98221
-41836
-95837
95
92
-3368
157
678
-5049
2516
4257
370
-3014
-89
93
-2054
-14957
-291
25064
80507
-98173
890
-76567
-6875
970
31002
-95
897
-89
-7309
79912
-1314
9610
-42610
8650
-97
-38226
674
-837
-87664
-1653
-71652
88
937
7597
-94
1417
99
261
48309
-2465
-93
-576
-326
-94
-209
-12674
-315
-84396
96852
-74237
58830
-81
-85
-5387
-4267
-23667
-4596
-38732
9774
80
-65761
-866
7936
36897
9965
-84
-571
-34164
-25913
-3223
85
5733
91592
-1754
-88
850
-597
-7023
-83
208
6905
-86993
95
534
-87
407
-587
-28151
60940
-85
88
-56546
86
-89
-83
-64210
8852
9537
557
-137
-95
222
-7076
-92
-484
-34600
-93
532
-7589
-86
-99
-798
-8047
-87
-97
-82
-89
-7143
94
90
-791
163
11193
6980
-127
-95
88833
-92
790
7664
-8346
-6069
-94
-6401
-722
100
84
-84
-951
-9447
-2762
17740
-9797
-584
785
6902
-995
-100
9615
94
89
-550
-767
2164
93
80766
99120
-92
-84569
-97
-87923
4210
6470
-98
-350
-95
75820
8640
-81
885
-8083
-4303
5545
-424
-95
96
-5736
-80
-93
-1879
-88
-5436
-9522
5160
-394
-33410
3122
507
-710
-16973
-50729
-98
-679
-316
-806
93
-675
8165
95123
-94
-847
-88
-98
-8086
93052
8921
-98
-89
-92529
-8651
-980
31306
-97
7875
3162
-29786
-90772
-6353
980
-265
-190
418
94
1949
-509
-34898
-838
-31368
115
93
936
-7548
277
-29895
4675
9651
708
-173
-386
-93
-80
-95
-96
79738
15069
-142
-87
-34342
-34317
-7658
-100
810
-210
82
-90
-73528
-98
-1676
1723
-97
-747
-2763
-65879
-118
66497
-34452
93
-44848
-9589
57759
-931
-29723
-874
339
-85302
80
69408
-154
99977
-80
-5241
-50565
4766
-9252
788
100
-88
94
292
-102
3277
-92
7087
-7503
-2140
-18930
-99488
-764
-946
-878
896
-25634
-5495
-96
1352
86
-9741
-93
-824
38505
-955
-1578
95
-246
698
780
94540
-89
43613
94
-7121
553
-12421
357
94
-55406
-82
-623
-4424
-99
-100
-92
97
-9902
-5064
-83
-368
-40978
-4047
-61636
-100
-521
-4242
98
51367
-127
85
-422
-7299
-634
84
-4742
-99
882
86
-6598
28844
93
-96
-2184
676
-86842
5025
-2227
-58233
-76150
15195
-32494
-55639
61275
304
85165
-87
-6260
-895
-4642
-90
-8634
-383
-532
-87
-95
-8260
-89
823
-92
-574
-324
6404
2844
-2434
90
-167
82465
-512
-610
587
9720
-91
81
-47342
92
-7484
-4972
-92
11653
-210
-500
784
-68789
19230
97
-85
-5615
-367
8369
-8559
-100
-95
-1655
-22939
-4906
-529
-3290
534
963
992
88
-95
-93
257
-3523
-81
7310
-8496
6849
-915
-9667
-321
85
-592
-90
-34305
-207
2560
-41523
-86
-17873
18713
-89
-90
57815
-68015
870
-10074
98
-88
-97
83657
-73119
799
-1932
91
-8346
-83763
27793
-913
-96
-58297
7507
4740
85
-32569
-85
-23325
-86421
290
-808
706
-522
826
-21961
86185
424
51544
997
91
98
-8274
50396
-36707
87
-740
-95
-675
810
83
71918
-61102
90
86
1751
298
8317
80271
-98
-304
-83
282
-31232
5446
-43235
41302
51287
249
-56854
6883
6193
-96
10399
-3766
3885
460
-98
8893
80
-419
1565
60652
-402
-37593
-808
464
98878
86
-1848
1521
222
57792
-987
-91
587
91
-1102
-90
176
-82084
81
59031
916
-9460
-72713
-6523
166
-647
295
83
1566
96
87
100
-88
297
6384
92004
8860
333
-999
33240
-38146
-89
5389
-3490
14384
-94
-112
-68811
61901
-82
-92
-4185
-82
-98
-261
87
-6207
667
-171
-37231
95
-96979
-99
8776
93
817
71736
-99
8144
-631
-90
-92
-1491
-100
-98072
-87
21232
-196
-2758
-41352
-648
495
-73412
26653
-6887
-8943
82
-11399
-124
9469
10927
-5013
306
-4610
-5874
2220
-575
-9957
-1130
-96
50980
-69903
-91
36941
964
875
723
-55138
-647
450
97
-82
-9564
-1057
56645
97
710
-396
-56528
-89
-83
-7201
-566
-4229
78121
-5729
-283
-95
-6230
32517
85
-40809
38828
-93
831
-84
-38845
959
94
-8225
-8022
-7055
388
160
82
9072
-82
-2254
-7434
91
97579
8351
-3979
659
-100
-93
-55597
-5117
97263
-81
-1509
7280
8392
92
-15923
-910
-8898
-61725
83
538
-5550
3002
-94
-90
85
29009
98
-359
3532
96
-5354
-100
91
-480
-736
87
93
-590
-94
64818
126
-25983
-9040
99162
-81957
-698
-758
93
87
-2544
83
5234
-82
-7506
82
500
-94
-4930
-77087
89
-93542
7366
-835
-82
-306
8129
-2024
267
8692
61224
-4817
88
-95
508
-36426
-910
-913
908
7733
93
-88
-1226
-73155
1775
90689
-7214
-79825
941
-84825
-1154
344
100
-6100
82
2479
68480
-9123
89891
-14454
6025
-397
-99
128
-60744
-351
218
1339
55206
874
7262
90
-68572
91
-8139
84108
5953
169
39121
-231
-90
672
-602
-4168
5826
-94029
-80309
-82477
-950
86
-5207
-89427
4582
34026
906
-22091
-17154
89578
-645
87944
-738
-898
-417
10848
9929
-74392
-299
-48114
-89
92825
-89
-5505
841
-98070
-4630
-184
867
96
-36582
3412
62035
86
-22213
-85
-26015
-224
-51942
13333
850
88
-875
503
-42722
-3566
-7544
-96
-87
-51916
-9560
3896
-6475
-880
-6385
-69777
44330
-99
-1330
-5023
-59055
-757
-538
-18571
494
974
48894
306
-9821
-80
-94
-93
22220
-179
-95
-90
72126
5928
5346
-54129
-1815
-7347
17498
566
98
-92
9485
626
-3557
4172
-90811
1528
-209
32514
-78491
139
-125
4626
329
91
-797
897
-19616
-83
-84
-951
185
-85155
91
50197
9943
-44137
3431
-5192
9989
-6155
60442
2538
307
88
-248
-86551
86
-94
80
140
-334
80
6565
-1656
-80153
-883
95
-2922
-3061
45138
100
-23496
-942
153
-7389
-68935
3170
-98
-18392
-176
153
-2073
-9201
-18391
738
-3418
8843
-18282
60253
-43678
-3307
-90
-92034
-981
-80
6487
-6707
100
963
-1949
-60812
-87
92751
-659
87
88
-3496
-89
-98155
94
9312
-99
-4627
-92
81
-261
-591
-7432
55873
90
-93
27336
7230
1790
596
-297
-98
-97
903
-84
2237
-92
-24081
998
-843
-277
421
-81
842
90
45650
-7323
-5072
93
55783
85
-6359
-275
388
150
-89
-8801
-100
867
85
-4618
-518
-630
-1688
94
-89
-204
-73340
-764
-3228
-2300
9698
8428
-98
-9359
6035
-28736
-47407
-39612
80
-955
-97
16849
98
97836
90
3793
-84
88
9555
8370
-64420
-82
-53424
-81
684
-77737
-7828
82
361
-7996
-715
7504
-7633
-7465
-8908
-83
816
-81
84718
-155
-98
-5794
-98359
94
-13169
-72404
6878
-69563
-41180
-81
-35458
-702
218
-87
-260
-1287
7411
100
-90
351
1170
-8608
2832
-72269
-120
-5814
85
-84
-32584
-581
92
-75197
89
99
-8848
2566
-4888
-445
-78427
-94
288
9766
-169
78346
-8314
-4350
-86
232
-289
22941
-90463
94
-33252
-88
-90
-96
96
-7058
97
-83
-9467
-1469
-5950
91
-37940
-415
370
4074
-94
-371
-100
-8887
96
787
4528
32246
-99
-100
-193
-428
84994
-40641
-26682
-196
645
649
-78770
-8427
-83
-236
-96
-81
-6433
-8063
-99
-867
-944
-427
-796
5627
-4797
-7639
42926
-4095
-849
97
84
-763
599
-8509
-7575
-1357
93
89
89
-37567
-4590
-11856
-84
-89916
-47490
-7463
-86
-64391
-82
-72865
-941
843
93
-737
-923
94
-947
-30163
832
-684
-9088
-2271
-97
85
-86601
-100
-97
-83
5944
-557
92
305
-4781
-92
80
-5193
99599
359
-6744
-87011
-72180
791
-530
-86
-2857
9603
84
127
-55880
-98
-84792
971
85
-5663
-96
-22018
70036
-7622
-86211
131
-5734
-95
-82
950
-23603
-6250
-4347
241
-7545
-87
-33387
-400
782
-38546
83
-565
80
-98
-2393
47710
-71241
-159
-98
-25678
-4243
-81
-16747
78372
-81
-9939
-27537
-87
389
854
487
86
-8640
17885
317
159
-568
-47778
415
-4826
-16947
-91070
-87
-100
-128
86
-8738
605
-45561
-7777
-89
-10586
-1245
91
93
-386
-427
2575
1632
229
-12373
-83
9608
79876
-8898
94
994
-43868
-4959
5813
547
-659
-1320
126
-86
735
-314
93
-91
282
-44193
-66526
-93
83
-81864
-8638
-8366
-880
71776
94
-626
-8723
-454
-68903
481
-33498
-7372
-98
715
-85983
-916
223
-8589
-9446
-70967
6673
7527
30346
99
-2941
414
-8127
-8708
-83
-87
468
15892
-319
-6421
-99
-658
-4455
87
423
91
-10030
847
85
-92
3148
2836
925
-472
-16920
-98
-388
324
51609
139
507
-5880
-2488
-83
-8190
-95
-4774
-315
-302
-2196
-1962
84
-5661
-83
6842
-91
-84832
-219
-495
4332
1656
59621
-266
-85
-10123
93
5449
-364
-91
178
-94
-12655
-88
-20959
-93802
-81051
-947
-6693
4451
698
-84
89
350
6830
58885
86
-44322
-49534
64483
369
311
98
98697
-1201
94
-96
-99
-78024
-210
-361
30966
-985
-709
-5542
-85564
-6855
94
-86957
-4193
-83
80
-88
99
-84
907
-2758
-8432
762
7120
-786
-91
-6716
8846
-91
20495
49716
-83
787
-87
6423
99486
5228
-918
65180
45980
-327
90
60190
-92
-613
80
-66389
948
89
-88
-52036
5797
-4799
-940
255
-265
87
83
-457
6707
-507
80
-60251
-89925
935
-3578
487
-51942
839
-993
912
-99
83111
-919
-92
6922
-6599
37446
-4965
62485
52716
-79646
-3921
11067
47370
82
-39989
-885
-9956
-535
-9185
6801
83
-228
-83
-11761
-91
-99
-79943
569
100
98
-1211
-62806
393
95
92
6985
-9359
-8784
46553
-71420
-601
719
-863
-44497
-1649
92
-950
-3203
-258
-870
-87
-65599
60100
-5666
-67477
6785
-1945
-69318
82
-13998
-342
7347
-3471
-21659
-82641
2540
2551
376
8222
-30936
964
1504
-68641
67601
91
-4872
-8316
409
-5794
7535
1361
1360
546
-91
-93452
7910
99
-98
-92
-18428
96118
-624
96
-1246
-289
-7565
-84
-861
85340
-801
-27170
81
149
-3793
-9841
45767
-6373
3034
-481
758
-957
-160
-8291
-465
-83
-1565
-1521
-84
87
-444
-89317
-17865
-88
96
66868
-88
55691
-14695
1298
-3022
-154
89
727
-702
-2615
-84
-97
76700
-57369
-6597
-68714
-70991
999
583
-85998
2553
100
564
-86
-675
87
-94
-239
-1000
1508
-89
-54836
5867
-1995
809
-6706
-129
47629
-865
-87
-97972
-89
1318
-6182
-246
-77006
38748
-4139
-861
-95
-89
90
3531
-90
89
-40358
-46682
-9031
-531
-26867
-77324
-92
-99
-4205
966
-9561
6994
-232
-77217
-7976
-279
60903
-81
-45767
-87
-98
269
99147
-327
-5917
-13104
500
-90281
-68850
894
100
95
-6114
-98
-7486
-96
-98
-42800
-88
-93440
-565
88
97
-104
93242
52882
-87371
-93
-350
-5145
18143
-4576
-543
-182
-7242
-4651
-2832
-92
39106
-102
-718
41945
-208
-29518
252
-87
15214
97
-611
7488
83
-95
-86
732
73927
-4651
-528
-250
-80
116
-93
-320
-86
-9144
-608
-34708
966
183
7781
-7538
-42180
-13539
-485
-98345
-90
976
-8957
-49663
-400
87
-7456
-73598
4215
-59341
-83
-6366
96
-3391
9608
-2749
2633
-86581
96
-138
-5841
680
468
-83
-26562
-5666
-364
-93
-923
-95
139
-6973
-44239
83
86
8640
42584
-100
-43173
-92
90
2468
-81
-98
-8430
-6334
-7830
-99
10570
-3626
-98
24197
8386
182
7481
-223
99
8332
-80168
-94
5135
29367
229
-88
907
57304
-752
1517
-902
-90
-82
-302
-46990
6182
67078
-560
603
-238
-6212
-6206
-23547
-89
-309
-6398
24682
-89613
-11977
12943
-305
65288
-2714
-73361
-474
9754
752
794
244
4360
-4719
-96
-7887
-5867
533
-664
60355
-95
679
30707
89
-44464
-3939
-88
-2608
-230
-84
-70344
-144
95
-865
-63256
82
-44837
-201
95
-8500
721
-741
-25517
97
-613
387
-2505
85
80
622
-737
82185
-480
331
-56940
-697
-4585
994
-901
-4570
-92
99490
84
-47510
80
85
8165
-92
-494
-17428
-3254
6836
307
-4605
-20573
8386
-90114
-88
-8829
-1411
-604
94
-973
-92088
1604
214
100
-55239
-87
88
3507
-893
100
-55196
-87
75187
7327
308
-84059
-92236
10784
418
-99
975
-926
-100
98
87
-1002
-2043
-216
2274
-7921
9771
96
-7536
-3095
-2821
-93
-11414
-5397
-94
65633
-82
61619
78186
-95
-45538
932
-57623
-363
744
-82
85
81
76926
-5130
-2007
-965
77854
88
30742
84
-48994
-84581
-3733
-89
-955
-91
81
87317
-44087
302
56254
89
-30495
-5827
-712
-94
-4781
8145
42760
95
-62102
-237
-92
-95
-73168
-773
-971
607
337
-9118
-99459
-151
-7610
-89
-9971
89
100
95
673
-281
-668
-7532
-62648
89
8428
-2008
91389
8431
872
5103
94
-6119
-99
49940
982
78203
-43173
550
-13489
-3221
-739
-82
-80
-45075
-80
56605
-98
8291
-88
-6844
-998
-99
56113
-55083
-126
965
-425
-8780
-5778
545
-9191
-4280
-92305
171
32167
-86424
-871
-92
1998
9968
-5202
-94797
47909
-952
8419
478
95
433
-6680
-94
-878
-501
-89
-78568
253
96
-476
-462
94412
-166
-618
-25135
90
-713
-90
-86284
-55980
-92
4861
1781
89
-97327
5581
273
-9903
-95
3712
-454
-70935
-84
491
-88
91
287
-95
86
83
-267
-319
-4710
19801
19484
-84
1899
887
80
-98
2245
-4093
-2440
96
-82
-93
944
-5935
-80
-604
-6534
8707
-3177
-683
171
336
94
-98
97
-3705
-523
-86
6667
-4061
-49880
-87
-929
53697
-8711
97
100
556
769
718
-52276
-688
902
-91
-100
6374
456
-82153
-2364
-85339
-38473
257
-5701
-8825
-683
-416
949
213
-83379
8349
-20948
82
-469
-34123
81
-460
-4966
947
-9771
907
-119
-88427
-82
-725
-68019
582
-97
51576
-27807
-87
90
-3267
-1848
7254
4097
91379
86
-752
-80
-95290
-400
-336
-2431
-44802
854
-93
-98
-96
-45463
-492
5355
-868
-26487
-88
-90
88
100
193
7320
337
-82
-59738
8980
89033
5590
-939
64245
619
96
-533
245
-98
-60247
-81
92
-99259
73744
-543
609
-97
388
-82413
87
731
-79887
-97
61883
-232
-92
8153
-2345
-247
95
5804
95
-2161
72249
-797
-93
7240
-8827
91
-5763
-202
82
43774
-789
-4637
-89
70653
-44841
-24911
90743
-34390
7043
-32586
-644
-41188
-9597
-926
99893
-413
-2002
-61197
-79562
-100
83
-2683
-401
-2045
-91
-100
-885
-373
3524
-33775
-450
80
-91
-82
-87
2756
-91654
-4238
-87
54576
-8541
66201
-2980
-18492
-773
-710
229
-100
-974
-81
-91
883
87
-22600
18824
92
84
7744
83
-525
96411
-94
2492
-123
-9413
-463
-77759
-1262
-7225
-474
-9163
-95
896
98
-90
-2335
-75304
-97
-33405
97
-87
92
-2182
94
97863
-2908
27112
-91
16241
-8654
265
-91
-83
-4920
874
4404
6927
9370
-69624
2174
51330
-93
-9021
797
-4903
77083
26126
60389
76167
-6811
-537
231
6898
68597
-9032
-9372
587
59963
51552
-40940
64752
-88
585
-88
-188
74513
-2869
-87
-26168
-81
-313
-322
-23397
-1021
82
-9726
-47113
-599
100
92
-91
-7582
40992
864
-8062
-71106
5735
557
5307
-90585
-94
-685
-90
-81
-98
-98
11740
-88212
-91
-80
97
87
-94
-7689
84
-80
100
-86
-90
-91
-210
-94
5934
22427
189
-81
600
-96098
-81
-47399
84
-89
-4587
93880
794
5340
-88
86
-769
-31519
98
32150
-795
2205
-9092
649
958
-5184
-88
44785
-88
95
51042
-1099
-53614
-98
-97
-86
91
-8351
-8495
-9464
467
-844
-964
98
90
-47084
13970
-868
100
-736
83932
965
-12439
-81282
-85
-83
96
-555
-18930
-97
-97
4332
-87
-547
-2972
-341
-59152
-439
68492
-58600
-587
-595
-5559
-97
-3666
-4963
-21386
-235
81
46203
-87
86
-8172
90647
7217
35718
691
-80
-89
-730
-787
1190
8726
-98
9563
-33456
-84
-80
81109
-4450
-94
-93
-647
-3048
521
28727
-83
-301
-3128
805
-1847
-428
-5251
-133
-703
-864
-6552
179
811
48824
-83
758
-9711
712
190
6198
2445
96765
-378
100
-97
5527
97
-2827
-97584
-88
-60267
6876
-67280
13016
59861
91
7944
-270
2813
-87
879
21080
-100
-94
716
81
-737
-4727
-50535
-92
122
81
67143
206
-8887
-6198
-5896
-825
90
4088
671
-92106
-976
-4346
-99
-87
-90
36376
-5200
5361
82
-418
-17583
-4436
4342
81
-87
-519
-95
-598
-89
-98
-36674
-9323
690
3206
5532
-477
-6645
697
-84
-25941
-63556
20076
-80
32685
772
-2460
-42856
-118
-2796
80
5202
-14549
4924
2160
7294
88
-37626
82
19402
-21119
83021
-95791
-84446
-44382
-712
-90
-93
-87
-95
-56904
-85592
-98211
-8213
333
-923
-660
549
-93344
5265
-929
-2115
3462
6677
7789
-7472
9123
209
92282
-85
34790
-84
-239
-80
-89
-143
-5276
-6061
6321
-15944
-82
-58394
-95
782
-81
-975
81610
-977
-4680
-83
-89
95
-3388
4406
-1593
-933
-285
-686
-29374
-92961
6580
-84223
6928
-93
80791
-791
517
-696
-4298
2687
88
-80
-74735
60607
29097
6792
93
-7461
46267
-700
80
-82
-83
81950
-641
-203
-854
-82
-7431
89
7354
-59583
161
80
-672
-6803
-89
-154
-843
392
-34172
-7521
9581
84
-178
-262
28540
95
-1125
82
699
-596
-866
-6096
-2755
-54106
-4627
307
92
33655
-67581
88
1691
-3334
-11340
-2146
266
-5280
99
467
-84536
-85
4820
-7394
-6212
-11187
9810
-24881
88726
-31726
86723
95
8290
-82
-2744
-49964
42126
-97042
-92
-90
-45677
28589
307
-513
-91
-80
-93
-82695
98
-299
-133
-7039
91
-49154
-93
-81
-3618
-681
6904
82
3704
-2571
-120
-1734
-702
4472
-3933
87
-46138
-912
8749
82
-96341
-5407
2634
-96
-3664
19256
-521
-628
223
-28316
50931
-79151
-43959
-97
-100
-80
-6764
-993
-55831
-6796
-92
-88
-82
-855
-87
5635
-96
-69007
-3018
230
97
-319
21701
-211
-7440
-9579
82771
15474
425
-100
-84
4930
-866
-36188
68516
4196
5383
-9376
87
329
-86
-9851
-89
446
21229
-38272
-7774
-6607
-9732
487
83735
-8275
80
903
-89
43980
-23678
-876
-449
-82
51108
5740
82
-8807
-77458
468
-96
-66692
-94172
5352
6893
-8846
-173
3930
-42671
-813
3367
-26865
-82834
-5666
622
-80520
539
2841
125
-798
91
95012
92
-70766
-8052
52400
-1738
1698
-26342
-81
97104
54973
100
-6068
-42619
-1097
-7044
-90351
-92
-897
-87
-711
-83
-511
343
-17050
-395
6220
-87
-92
86
-19982
-9094
-22625
-7252
261
-97
-7276
-880
-75211
28000
95
97
-716
4865
-465
95
933
-3600
97
-21582
-595
-2233
-959
589
-55474
30430
88
164
-264
-931
-28549
-88
-507
-239
-92
510
93657
-3083
619
84
-746
92
-559
-88
-98
2164
-85
362
5128
83
-56547
-62974
49808
-81639
-871
-2574
73540
8602
100
-36999
-87
-22933
-1394
-7829
84
70177
-4188
-7392
98
8620
-208
-785
-1138
-2845
-525
-1204
-668
-82
-535
-92
-43287
-32165
84
-85
-82759
-8190
-98
-1709
308
-370
-179
-683
2072
-47620
-32087
-84
-44013
4794
4478
6541
-94
-97
44352
-100
-50732
2321
-80120
-93
-88264
-9385
-2505
-3014
-75988
383
-461
-828
-6053
-7153
944
-36439
-99029
-675
93
-93
881
-90
-45048
-100
-644
6468
-6392
-652
6894
-992
-91
-9136
800
85
-81
-4754
664
397
-5781
-43539
637
-8019
-96
82957
-93081
-84
-88
-1270
-6575
-86
53712
1892
-9439
-473
-84
-95
-3705
-94
-66281
-988
-7765
96656
738
-4003
-349
81
-335
-724
-1144
-8344
-88
-699
-81
3010
-169
-70279
87
-81
853
-779
44131
-22984
-1546
-2146
-71538
-533
-93466
-98
21801
-91
414
92
-224
6785
-2013
-83511
14003
59309
-3291
1642
-530
-528
-615
-39158
-46864
2342
698
65486
-3801
4203
98
483
-86
825
187
85094
724
4338
-389
-318
908
-515
-8950
119
-326
-5518
-2230
-94
-81
-87
-368
-96
-554
-475
-474
95
83
96
953
-60353
217
-89
-791
-298
6458
-148
37671
91229
70460
-32167
1730
97
189
-97
12677
10794
99
-9150
-5182
-100
35016
-486
-90
-83
-176
-754
-92719
-368
84
-123
-37733
-8982
-39976
238
2615
4257
-2300
87
-4771
-98
-146
-49840
48664
-95
869
687
-374
94
-9486
-8338
-81
3294
-682
-96
-95
-82365
-85
-59340
95
86
85455
62636
34795
225
96
-27280
-99
-90
4795
89344
804
814
-39129
79165
-37363
83
220
1553
-66061
-88
-66818
-100
95
-80
41029
-739
-85
80
100
-97507
-117
85
-84819
-54270
93
-80
86
-7089
31613
-90
22542
5209
-996
-272
-7791
-93
-87
92
98072
-80
-158
-974
9247
-399
-76921
-672
-7736
69202
-2822
8675
-96
-86
31740
-90
-609
-939
-347
501
-81
-33580
-945
-5968
6878
-946
85
-85
-241
5904
-6517
-281
-100
-202
89
20171
24955
-9171
-81
100
56006
-98
4030
92
-77203
-91926
89
3586
-2708
-4951
6102
-92
802
5956
-11014
345
7728
-87339
444
87
441
-87596
89044
96
87278
-83
4115
-776
-661
-96
34059
6379
-4781
-84
-11355
6012
-884
-97
87
707
4796
92233
-8560
5886
-1029
-37299
-845
55285
-972
-766
84
60031
-95372
95116
-2211
667
30619
-69579
56702
-84
-35468
-54664
-451
-9239
-16936
-4855
-2824
-912
-928
-69277
-160
683
4132
49808
2760
94
-581
760
-6443
-46132
-88
-86
82980
-14110
-33459
6202
-81292
-525
-20313
-8693
578
-7540
-8689
-84
83
92
-99
-96
-4860
-30259
-11147
-2808
654
97
-3088
9234
-82
-5272
-2051
-207
-96
-1102
-630
-15654
7905
-391
90
96
-13722
-6282
-6552
-29628
673
-12884
-96
92
93334
-2702
95
-6382
597
-93
15256
-89
4178
93
-68965
-82
-68178
98
-935
-555
633
-158
-97
876
-9498
-324
-741
30331
5276
-6840
174
-5991
-99
-6687
-92
-557
-34120
-58858
-77566
-480
2154
-127
3627
-23722
7733
99
-97
-919
1333
48246
69285
67868
883
-9444
-20618
-85060
157
84
419
-1950
-962
82
-17014
-21313
-3141
-94
-1501
97
-99
-34350
99
864
-64399
94
-306
-7160
877
67503
-96
4296
-76184
329
81
340
-100
-852
67528
-679
-8019
97
-94
23535
-60584
-9088
-965
-2714
99
-355
-87
-22160
80
-87
2994
-87180
-1392
-508
-3247
81
-81
-572
-27467
61143
-98549
-61690
-492
-6490
-157
-32701
-179
-100
9369
-6523
-429
-1238
97
100
978
-896
-88
51738
17883
96
-81
-92
82
6902
89
-7034
-9319
4960
30789
-4700
-23222
578
-63514
872
-82
-386
-94
839
-6296
8333
-38882
716
780
83
86
665
-4534
951
697
-80294
-2922
4433
-95
-1537
471
-93
-8752
-60153
-48700
-3102
-180
82
-808
83235
9263
-39011
83
-28786
-386
92
-100
-389
5009
-636
-80
4009
-7485
-794
-61895
-87
-13526
-85
371
-419
-7171
-34476
-333
-39507
-4957
-313
83
-486
9474
-7274
-97
-11552
88
1226
-99
9818
-2607
-5840
44761
-85
-402
-6939
91
-6541
-38284
-583
531
-473
-79645
42205
-1354
-95
-93
-548
-3455
499
4239
-59411
80
-2420
8213
-90
415
282
-1027
-96
82
850
-90
-97
-9231
-84
17040
943
98
-99
-9207
-86091
-28559
-734
57445
27764
390
-60216
12786
83
2483
-6870
-67989
-83928
6141
544
-3815
-7292
-710
2949
196
-4146
823
-24455
-879
-6418
-81
-952
416
-79176
-398
-57458
21552
-7069
-98
-84
-89
-99
471
-12583
-94
16802
-6933
-85242
42318
-72344
-37303
-37324
-98
99
-90
-68194
-99
-6540
899
-11689
-511
-92
83
-9284
-6788
5687
-94
-96
91
614
-497
-95
-87
-2530
-92
-667
-86
-747
-95
-602
89
-72478
777
3188
-47963
961
-823
3618
-40270
641
89
-3968
-27460
-3761
100
-58213
91
-5410
-30127
-17198
-290
483
-97
-99
-81
-8923
-96
80
81
-68604
-80
-47811
225
-98
382
-84
-97
-2784
-52260
1731
-302
-88
91
-929
506
125
7843
837
939
-8460
100
-799
-374
-8136
99
876
3824
58791
-11242
636
257
-5308
-668
-4109
-802
88
9652
613
9577
-93055
53359
19971
-26106
-90
44814
-81
-3503
-352
-5996
-927
-4716
-748
-3779
-85
5408
-797
-768
90
-106
74734
-97
-4147
-7191
2976
-6637
3695
496
-96
1459
88
-6716
1878
-814
-2088
87
-37755
-88
26568
76147
8964
-13250
-90
-98
-63942
-5930
148
-232
20763
-99
-6830
96922
88637
99
-531
9028
653
71632
-7467
646
-84
85
-7471
-95646
-115
27864
9533
-87726
-94
-85
-87
84
-6779
-93
-681
-728
8488
-573
-996
-85
-9581
86
82
-5527
-155
-3162
-31497
-73283
-88
88
2164
390
-80
1807
-5144
7145
-922
-54914
47225
-5490
-99
-81
-984
5042
100
-308
-7762
80220
-36739
-43818
-6433
3923
-96
4586
-9600
-85
-8180
-92
-4711
732
36540
8373
-769
1392
825
-84
-305
17949
322
90
-242
-530
988
80
-8317
225
306
-4258
-33157
4487
169
92
-88316
758
-93533
464
3022
-8246
-81
92
-90
-87038
-100
-88
-1150
17141
-81817
-7027
-60094
-89825
-87376
-87
-18211
-44286
-86
3731
-665
569
95
98
-9935
-96
275
-237
-84
43123
-83
-133
-42463
926
-89633
2612
-344
-648
8172
96
681
7226
-8897
-1692
-343
-550
913
82
-81632
-280
99
-6430
255
99030
-29654
-92
31901
-880
-86
89
-90
98
-234
-2473
-96
-25828
-322
-82
-52375
-196
6980
100
-9906
69722
-6566
-2390
-40174
86
88
-1732
-54416
-9096
-64755
4059
-87
505
-4241
-7889
100
30868
-92063
774
36610
-3121
90
-85
-570
-6123
-827
-86
94624
-94922
-4539
3385
-828
789
-81991
616
7312
-85
-85
-86
407
-86
-42021
718
-89
161
-97
-1383
87
-816
-96
-47673
6817
-100
98958
958
-89
-198
-96418
-88
91
273
-89
8532
-99
-92
97
-2491
87
-7846
-86
-7732
84
-12780
-5135
-94
-1080
-52149
-713
90
-97
-1852
-195
90
98
-3477
-96
-6162
-8870
485
-528
-840
231
-954
-57826
-90
87220
494
-88
94
-253
468
5747
-51021
92
-129
84
347
-2644
-8834
-89
592
-907
8435
-9609
-97
-76865
-464
963
-98
16113
-744
985
-100
-93
-100
20876
-80187
88
-37932
180
-9038
-401
-88118
6029
742
-20729
-442
89
7734
-80
-44606
-920
-48524
605
-2135
-210
-35981
448
359
15422
-83
-8035
-84
85
-1368
-91
828
-7682
-97
87006
5490
-48828
93
468
-98
90013
297
30683
-29122
-803
5418
-3334
32199
-5438
-164
-92
6044
99866
375
-85
60688
-8395
-216
-359
-618
-3442
-97
2722
610
82385
-93
-1979
-7308
-99
-110
-7392
-66229
-1373
-97
-326
80
5187
-3878
88479
89164
-31167
261
-98679
-4276
96
-3859
-89
10497
-88
-721
-783
-93
94
7285
328
21601
-236
-91
-89
2591
-87
-9113
-6594
869
-88
-985
19109
-2043
103
-87758
-615
-91
-65728
-812
-4815
69976
35778
-162
73657
-975
185
-87
47663
84
-9702
-97834
-68006
-188
89
6804
9137
-708
-212
-93
86
-81175
-96
-7387
-1775
441
70802
-95
5851
55667
3011
379
-94
-43585
-520
94
-7019
-204
-81
-87
9054
-269
-80453
25697
-95703
7424
39129
-39346
64944
-261
-838
85435
-620
-49485
-83
4066
-31624
-85
877
96
-88
7005
-58473
-60979
-9269
-9061
819
-97
-47393
1788
-98
-85
-2456
6804
-44564
-59972
45900
356
-80
21987
-98244
-1220
9846
656
3212
56045
-4599
40544
392
89
-750
-970
-89
-18812
15560
-628
-93
-24832
41064
812
100
-8103
6851
-21971
-1726
-7906
-7017
-6716
428
-5109
451
-4683
365
-28243
94449
-302
-36289
-79508
-85
-1971
-14828
72610
-95
2498
-289
-989
-19830
493
578
81
-750
-570
364
-98
-97
-435
82
81
-18785
-19376
-8001
-6373
988
310
77412
8008
-66588
-485
-81
-267
-262
8190
-488
-91
-409
-86443
37816
-23127
-3000
37673
-4094
-90
-93740
-79713
-659
-4168
5420
-84
-67419
-474
-389
-377
-2668
592
-1279
-462
60235
29527
-2386
39620
-95
52965
44789
1910
-701
-97
9109
-144
-99
-97
-7707
-90
-36296
937
-58103
-3490
-532
-89838
5629
-23006
89
95
-11672
5722
100
-85
-97
-91
-5470
-35696
-7665
9019
5530
-100
-237
-5400
-88
2740
-457
-82
-714
-90
173
-53704
71782
-100
89
15640
-38632
-3252
9315
9162
-166
-88
-89
903
-349
5070
-80
98
-88
7655
-32858
89
364
500
-868
-1655
542
67395
-3818
-96
14713
-91445
2544
83
92156
43802
3566
-526
-773
663
-8092
75754
-4507
-1261
-91
16687
55844
88
81
79035
-9549
-1912
-97
93
-97886
-58479
-75613
-279
-44784
905
-68738
-80
94
971
7331
-202
-279
-949
96
-98562
-81
-813
-88
5090
109
-8956
83
114
426
82
92
100
862
212
-486
-33122
25493
-361
-86
473
-7824
99
-777
-100
93
9027
-49706
-36108
-20077
30995
359
22598
-90
-7392
99012
368
563
-94
-85
-1245
-579
-2151
100
-5954
9608
238
56982
-3175
91
4318
-95
-99
-93
-82
-9440
-94
-1555
-156
-81
-287
71388
72192
-4035
-26711
-731
24999
94
-70931
4617
-6509
835
-98
90
-91225
-56704
5606
81061
17874
502
-4589
256
-6070
-289
-798
-94
-735
-1020
-83
15044
5524
-60118
-82
-89
93
-8943
-8681
1590
-4648
8452
-6909
-748
-6479
774
-865
62289
-63652
-818
-8353
-638
380
-35445
-93
-8010
-22485
88
-20875
-40223
-6894
55794
328
88
-194
-89
348
862
106
7634
-10947
-929
515
-183
6107
309
-82
1524
92
97
-2714
-285
937
-9632
2974
-63336
-865
-498
-94
-34811
-390
-428
701
-182
98577
-7808
55539
-82
-97
677
-95
415
-886
-95
-89
-92
81
177
-71404
4606
-7595
-519
-994
40097
28971
8499
-153
-81
5723
-84
-98529
92
-6270
487
-633
821
-2778
4091
52530
-2018
-3266
-95
-87
-83
9625
-7302
-308
-7751
32237
31018
529
-5416
379
732
-92
-48615
-7339
-238
-963
84
-5931
1254
64432
832
-60443
9848
100
-136
120
-7330
6564
-83
-9387
-95
-88
-36388
9704
-65183
99
57612
89890
88275
747
35059
22297
-67844
109
-532
-91
83
339
-45045
654
-43259
96
8898
174
-750
-8782
-897
-87
-704
-561
-9752
-872
-55306
-28228
182
2801
830
-9078
74728
506
-84319
-4499
-12463
912
-98865
97
-7817
5625
-94
-45307
-316
961
-406
-7852
3814
-710
11862
85571
-42119
-270
-511
-87
91516
-62143
4699
-169
86
38632
-600
-3206
-594
-87
86836
-2184
-90
74647
881
-1719
98
-6197
86390
-6146
6456
-351
710
95521
9717
-100
-71455
-89293
3575
-50679
-88
779
94
-115
-94
20585
-93369
-586
-97
-89750
-4538
32885
-444
-314
-80100
18260
-84
-3204
90
-87
-93
32979
3731
-92
-9717
229
-99
-99
-97517
-664
88
98
-4724
-57391
-83
50041
-86
-92
7042
-3843
513
-20018
-68027
80
-102
-6975
-6823
40497
-96
8829
-1394
-98
649
25652
-3422
-29707
-952
19211
-85
7033
-886
-592
-59306
99914
8296
-64210
-2575
51055
-290
100
-2747
-96
9338
-95661
89
9625
-80
-7050
-6073
-86
-96
9297
-93219
93
-90
4655
-86
-28545
-572
8525
5702
-158
-374
-1781
-82196
-1814
-85
-205
-474
-9305
89
88
-52754
-91242
3312
7979
-13881
893
-87
1971
-299
102
16796
-959
-7017
-18066
-143
85
-72749
-258
5034
-683
-1772
-95
81
533
9135
-20821
-44958
-633
-1390
88
906
-30589
-3012
-1726
-640
99
96
-85
890
-3821
22703
-1420
7779
661
-21324
-100
-88
60814
-46781
63419
92
-99
717
-2532
-421
-87
-40897
81
-97
517
81
-826
-9613
-291
8716
-85
-2534
-75995
-91
-88505
3175
729
848
-8416
-110
-61997
502
-960
-97
2391
-11064
594
669
-996
-97
-89
-8554
-419
664
244
-84
-8993
-99
-7471
-1767
-89104
-79700
50495
-5256
86
872
113
48072
-81
6379
-844
-93083
25904
-750
102
-38205
-587
86
-94
-523
90
-7777
-224
-60451
-1316
-30741
-1799
-5449
90
3090
-3281
-4755
82
-779
-95
-56200
86849
3769
-95
335
42495
13139
-734
-84
-342
81
-97
315
-81
-3151
43249
95
-4469
-2752
-92545
-235
74036
-120
-37715
208
17739
-5320
-84
86
-165
256
-7544
-554
-1872
-93
390
5829
-86
-81105
92
17410
-83483
-671
-88352
-54840
49303
-82752
-864
-11972
88
1585
81
9816
537
-433
-81
85
47042
75270
303
-565
-36934
769
10213
-2025
-9821
-51620
17702
4763
-281
84903
-638
59010
790
-88
4154
-3031
-14753
-86
-35807
-18469
-96
-23628
-4461
8317
-553
-446
-91
-95
435
-7306
-3878
941
-14119
-6154
-52090
401
-453
905
1000
80
-99
6813
821
98
-431
33604
-8403
-91
85
511
156
-338
-724
-87
84
271
-167
-247
4255
-1599
-5022
8191
-9655
-9995
924
2548
981
-86
-9123
3484
88
-3662
-889
-383
-3626
-99
5701
-87646
-291
93
-82
-10672
-8327
-998
-37411
581
-90976
-18331
-408
6140
89
17708
-521
-90
-90
-80118
-984
408
768
4011
5515
-342
-789
95
-512
-987
-57017
5843
-32194
56847
4109
-1852
177
926
-6516
-41276
6333
-102
-84
-4093
-83
56463
-820
-854
80
88802
-80776
-4743
-340
479
1831
-9740
-1038
27622
-85
-9877
-5255
-3100
92
-99
990
-98
288
97
34151
843
-93
269
-88
91564
7044
804
-83175
364
91
-68371
81
15996
8063
8429
1656
-7176
2010
-144
-96
-96
38138
-8460
-45189
-89113
-80
793
603
-141
-92
-4601
-7955
-420
87
-68076
21712
96
450
-98545
89
-100
47804
-96
-95968
-56735
91
9021
178
94
98
5347
547
-91
285
111
555
-84
95
-46111
2219
-913
-75833
53529
-10056
-569
-74008
96247
-849
415
-87
-91
-578
-94
1420
-7504
-90
-95652
13393
552
695
-7316
811
-83
2911
-68651
53373
-12855
6023
70036
-107
92
86
-1777
65086
-80
93
-847
-78498
-9425
-89
7697
95
-49022
-6564
1755
646
9771
-15674
-100
643
-9532
530
-2732
932
-6860
97
6588
91306
-353
-6443
-547
2775
-9958
-9775
-9259
-496
-21519
-93
-85
-706
1332
-71658
371
-750
-88
619
-757
88
-5074
7743
-322
-942
-80
868
-94
-96
-81119
541
93
95
76499
640
-72451
-479
-95
3350
-73444
-734
-358
-9665
2555
-977
-922
-80471
-111
5068
-153
-31220
-928
-6767
81
-86
-96
-9785
-86
-1858
537
83
29312
-5064
-93
-2989
-80
-15051
-7186
-83
648
-495
-33640
8410
-21749
94
22815
-42758
-4890
-49368
652
-73306
80
-519
-61806
4723
977
-2997
-684
7374
-6309
-92
80
-100
-270
-24328
-80
-90
-8121
-1104
332
94
-3692
-84
-587
-95
125
573
-834
-9692
-4009
-88
122
80
-263
-84
-96241
-87822
71991
6474
-87
-8684
-632
1197
854
-99
-9381
51485
-11141
-818
67719
84585
-6124
-243
83
-98
-2373
-671
-89075
-82
-96431
-51427
-945
-81
-6291
-967
-676
-818
83
-96
-88101
-322
796
-92
30057
-95
11709
-7805
500
96
6066
-931
41937
-139
106
503
84
-211
886
-75540
-77169
-290
7964
-93
4208
-99
-757
80
-81638
-85
82
-257
-9396
-944
-99
-39629
-4433
7385
-3838
-85156
90
-8363
-30972
95
-90
-396
-42854
1703
-85
-71046
-93
181
-748
65880
-95
-712
-429
-54989
-100
-2606
89
-129
-94
-9194
-55520
60229
148
-89
-88
-98
-9863
-98
7877
-97
4477
-827
9785
-60298
419
-69982
-341
-88
6836
2749
8927
4807
20634
220
-9982
-771
-98
49422
156
-4644
-88
-6646
81
-99
-7802
-67541
-676
-709
-93
-4709
-3561
-593
-531
-757
-82
-3825
83
805
-6326
-89
-48850
-418
-95
-1887
-1048
93
8477
1986
-1855
-3200
286
-551
-95
-81
72121
-321
-92
83
59046
315
-87
93
-1195
-4250
-78044
-5356
3184
-100
90
-71186
100
-8729
-98
-82
-69492
-4268
98
81
545
-199
92
-100
-751
-93
-77682
63054
276
7399
149
92
3190
-48569
-89
11482
5757
-644
85292
-79665
3933
495
-7674
258
-566
8962
39411
-42666
-8249
52014
98387
-41263
-97
-788
-84
220
5457
-5435
-3541
84
-5382
85
928
-80
-85089
82
-785
95772
-4722
-726
-977
-89
-885
563
53620
-4714
9109
807
339
6676
-4997
-28345
2007
-345
-765
-206
4494
9193
-46831
99007
9755
7630
3837
-33751
501
37930
569
-88
-2426
-369
-86
-90
286
-73257
-246
-9865
90
-87
-86
-39173
-81
-92
-99
83626
68526
-70948
86
-6484
288
87
-1752
4280
-493
-4257
-7749
-80
-117
-914
-751
86239
-98
-44847
