-249
942
-521
818
-62
622
491
-400
107
987
805
-876
-660
562
478
-766
764
869
871
111
530
447
-578
-508
-529
-188
51
-776
719
490
368
-269
838
-438
-978
-459
-997
-115
609
-972
-842
92
79
-477
-975
833
-4
284
-344
725
-552
-758
450
613
247
-104
-926
485
-619
-758
-356
542
-541
617
660
-269
-137
330
-481
-828
125
-836
677
-578
975
853
-370
-552
911
17
399
-536
-948
434
-640
994
340
486
962
-207
-492
-429
-997
282
-244
791
-718
386
367
916
-726
-699
220
-814
-591
618
-30
-821
48
633
659
-902
619
-569
-856
-11
-112
580
-913
-445
-854
-26
-248
318
-650
940
-297
-814
-882
82
346
10
-345
453
-824
-88
-206
-95
610
-142
489
-621
940
-879
-119
-747
-444
-84
20
-969
-226
891
-440
515
-682
123
45
222
751
-480
193
-538
59
-836
911
864
-23
537
779
-228
220
668
-374
-848
288
630
-960
-725
415
580
-850
-171
469
509
223
283
-392
-429
865
568
788
175
-880
-759
175
-865
-216
-511
-574
572
68
693
-58
-431
242
754
-108
16
-442
-21
317
37
741
21
207
-852
483
251
63
-88
808
-888
-440
-758
526
137
-123
662
-888
92
226
958
924
206
680
440
-100
-397
897
75
-46
726
282
-576
-770
-60
1
-657
-38
131
108
123
-450
-508
536
171
-740
-545
-34
274
-864
-674
696
60
198
-276
371
-144
-993
13
-685
809
-71
557
1000
-108
-427
-357
-205
709
879
538
-762
-773
-520
502
-362
97
522
-715
-918
969
815
973
-205
-595
-30
-635
936
-209
-235
-188
-957
227
-841
79
950
-121
863
9
611
965
346
-256
-678
788
-698
-93
-659
782
-653
549
-155
-127
-413
-377
-563
-804
548
767
-255
462
-648
255
903
-203
740
19
938
-373
669
385
509
-830
-79
145
-244
-499
-449
619
317
-985
-50
155
-459
689
956
-230
25
-88
516
-205
-396
-225
-680
889
-330
-413
-525
590
-60
416
328
177
797
-119
174
934
-384
-642
122
735
-459
134
962
566
188
202
-727
-810
-685
-857
-528
11
158
-56
210
-347
744
-84
-931
-75
-707
379
-391
-945
940
167
-812
728
498
192
131
465
106
-936
-41
-156
-566
-677
680
672
-742
238
-119
310
708
787
577
-353
954
406
-893
691
492
-573
-144
523
-419
498
-937
-220
-91
17
558
-120
495
-656
783
905
467
-481
-304
234
530
51
99
241
765
825
580
234
-52
97
921
999
311
96
-392
-54
540
-777
-263
347
190
375
883
712
-972
134
699
-155
735
-866
16
31
206
-180
-9
-666
890
-957
533
-51
-840
-625
865
-27
-9
242
98
-416
-897
959
-730
-110
-624
834
584
-683
-973
953
-86
-841
448
-664
122
669
581
-690
79
-704
459
438
291
-191
121
-331
320
370
-610
923
907
-219
-907
-31
728
-69
988
560
130
-223
-856
549
-404
-426
5
107
-471
-960
-872
-293
521
-155
856
-8
986
494
-903
-995
-934
662
-933
465
-294
100
873
-491
785
-844
-967
-253
208
-459
605
606
157
484
525
-44
18
-704
537
-703
-896
429
-985
201
62
-579
-580
741
-650
703
108
395
-963
-23
-835
748
-743
501
54
309
341
468
-104
-885
-679
34
-171
387
921
-724
230
795
-501
547
347
428
-18
557
-601
-573
191
-464
-652
-76
979
-93
300
492
263
-106
220
-229
-898
-734
997
479
-31
832
-367
-53
-798
-127
313
424
577
-648
-142
893
661
152
-418
-690
-500
436
497
573
784
-120
423
-654
512
211
600
-767
-407
909
-802
-821
947
122
-404
-296
452
885
942
-298
-430
-159
-780
-143
-790
979
349
-440
488
-560
-416
-494
-725
865
239
-294
-350
-645
653
-64
-309
101
656
-99
-409
-74
-847
321
451
267
-936
429
-700
-891
-840
-350
548
-490
-141
-551
-835
-366
-947
-149
312
36
-513
-994
-723
-642
-908
279
-167
-411
928
-183
-856
-799
425
-66
-14
44
-744
517
-558
727
85
63
-714
-23
-965
916
-654
745
-140
-133
-27
-522
498
-423
90
342
592
841
-829
-818
604
-335
-246
413
155
744
-728
-573
-550
-826
918
808
262
-950
212
-712
-448
254
-464
927
-992
528
-570
-29
-966
-161
-69
-648
-80
538
372
-715
-106
661
-921
-27
-962
949
-894
458
-221
736
-977
544
195
-103
457
-719
198
988
-422
-660
-425
384
-173
-768
-525
-447
612
-393
-186
-29
37
154
959
-873
102
433
-611
-990
-622
416
972
304
-53
955
978
151
-520
765
-218
292
-218
-373
871
428
215
614
-871
-370
631
-185
744
-704
280
612
127
-7
-694
818
-164
-422
-486
785
891
-8
257
-256
-965
-997
-268
457
-404
-978
-970
805
-690
231
-432
-61
213
29
363
-301
-338
618
121
-580
-331
-321
-882
-20
-934
401
951
-859
145
-90
104
157
-676
792
154
39
-70
-563
94
-814
-271
403
990
157
69
544
967
-356
569
-976
-485
-924
-16
795
998
892
-998
455
-205
-32
843
789
683
-808
74
-602
-454
-613
-935
656
474
-9
-796
637
-716
708
-848
393
-487
-691
-709
-863
879
695
-161
-131
-208
-964
538
-740
-929
559
-950
2
848
-692
-76
-542
716
603
-380
927
-844
937
-675
95
-357
54
112
-433
691
107
-596
-945
-952
706
296
223
965
-515
-46
173
111
-743
563
305
373
695
-317
947
-989
739
340
-26
203
-659
931
-196
-877
-439
-779
887
-252
-620
-434
274
503
460
-353
35
987
511
-495
-357
810
-528
753
-359
832
394
-44
28
-655
-704
-788
-878
-957
-92
233
208
799
-135
294
96
271
564
881
402
-605
921
-465
129
114
887
-269
554
-243
-901
-293
-153
-253
-531
-85
477
995
-791
805
786
-996
-620
-8
71
-41
597
490
-788
-668
14
-897
928
-452
348
786
36
-244
-128
-985
-670
-376
-993
-691
-367
-229
692
24
8
426
387
246
255
803
10
385
757
-550
-328
360
-282
-495
84
896
-585
-612
743
496
470
-400
798
-632
-574
-565
793
-465
689
-621
16
667
-94
705
-934
-998
782
174
-954
-38
-234
-564
-366
-748
-681
214
-895
-652
309
-647
-383
936
-879
724
830
178
546
100
-904
546
-346
-278
-929
-492
59
167
-371
142
-915
536
227
-854
-683
356
-709
834
-796
634
960
-533
-596
994
-500
-192
-391
61
-746
-528
165
-922
790
2
117
635
-156
-983
847
-654
-886
-279
-744
-341
-848
-552
-711
-144
-263
303
218
461
-850
-591
993
-352
421
943
-875
-466
72
243
-647
-980
-419
530
219
-763
-1
74
909
551
-449
-29
-608
-628
507
-86
-553
149
628
-880
-584
143
-446
-672
516
-518
321
-626
946
-566
-408
-598
-408
-762
568
606
769
-223
-235
824
506
713
-958
-561
-717
-319
-877
-590
-676
-459
-642
979
-991
585
-793
570
-706
-39
-972
467
-428
153
-772
-357
-767
169
544
747
556
524
320
185
482
545
617
-90
-162
-97
581
662
686
-749
670
462
172
211
-647
-823
-135
112
523
204
-735
686
482
-311
658
232
402
-972
200
122
191
771
836
-417
-869
-266
725
-142
583
-260
-56
-488
-785
-712
530
207
-473
868
527
780
-907
-922
-356
599
473
194
945
695
402
398
-214
-796
-177
377
-88
615
-167
-198
-942
291
-459
-369
751
-680
148
-152
-40
625
-679
642
-525
-924
-185
-198
-931
-154
-379
810
20
874
385
-288
-281
693
133
699
-755
431
859
-705
-291
-487
4
590
-667
-57
-723
-446
178
13
452
-22
902
-576
-987
870
-151
751
822
-874
744
742
597
-313
498
-536
265
565
-92
-670
883
-794
-462
840
-970
-77
2
-517
339
-346
-591
-129
-300
-847
297
-449
575
-20
-3
932
624
-904
-926
-697
-300
186
-704
-114
-589
-166
445
147
511
-682
168
664
-391
286
-591
526
909
541
-84
-485
656
220
891
63
247
557
-827
276
952
661
-260
0
742
584
333
469
584
-915
691
280
-126
-303
797
-367
249
673
97
180
855
-4
350
416
458
249
896
-189
-333
-851
-635
904
737
-142
828
-871
12
-228
-151
837
-605
784
-411
417
-542
-623
259
70
462
-320
-117
623
678
-96
-705
872
749
498
-614
-522
-526
-474
-492
-394
695
-88
-16
857
-685
301
-774
-144
900
527
667
-462
-383
-531
-119
-877
-144
137
-398
-589
111
-180
77
-663
258
11
60
-411
-869
309
-537
83
-455
260
207
788
-248
-342
-924
437
-13
-864
380
3
69