-39019

-63707

-75729

-85233

44561

48449

-60687

-43695

-71730

-30326

-3321

-82960

-56218

36945

59569

20920

61855

98997

12284

-55903

-22134

35691

-65444

84213

-44282

-72277

-70418

-18788

92913

-53424

36327

-95386

54768

-5565

45996

42474

-82438

64805

-24708

-23672

67682

69575

-18672

27344

-48375

-32711

-56275

6640

43651

46737

-88220

-25624

47726

-89152

98113

-50659

-45473

-99079

-63734

74799

30541

16772

-55551

5829

19429

75469

13361

62226

8474

26537

-55220

-32124

-87038

-48938

-18090

-47492

-36215

-99965

-8937

68115

-49857

88206

-39372

41223

1248

53024

-70198

79372

99503

47220

75955

51617

65683

14828

-22695

-70634

51930

-32061

30279

-33334

-49262

-91901

5854

33693

28234

-46462

19631

26707

-78338

43175

72236

-15595

-18218

732

-35815

85208

20026

47203

55424

6589

-6449

-53959

-9981

-2909

-81502

93436

-74554

-50374

62895

18675

28513

12880

12610

-94029

25381

66197

3463

91607

73436

-6631

-23586

-66973

-8812

-3182

-49778

12119

18300

-21614

-28330

34459

30442

43351

-9218

-59426

50416

-77649

-92686

-27336

-48605

76614

-6025

63702

-40821

31141

-10428

85515

71165

20906

87500

45264

-86171

-50889

58960

-69731

-66959

29893

-39315

-38408

-95680

-32274

-18183

30996

-7222

-87425

-20068

70125

-78287

-21520

-92306

40195

54559

-81757

70422

-465

-78951

58029

-79254

-84248

41507

45476

-3033

-4546

3953

-84560

36631

76705

82722

-97867

55343

-82119

71982

-5248

78343

-27661

-46469

-21626

96047

-9854

46556

35136

-39210

65474

-55609

-5178

-93325

-76490

95994

-75602

-68938

-1851

-13913

-39467

-75355

97668

-15200

-78337

43231

-36919

-92394

-29732

75717

-60934

-30778

18302

2399

6020

60022

-31163

-55875

17731

-85281

35010

41061

-40126

-92801

97684

42313

-55612

63326

58817

-75374

-65806

43283

-71239

23951

-8700

-19680

-31675

43984

75629

26773

77001

-91304

-80458

-69760

-43242

-82276

52428

11882

13908

-90739

45747

-24823

-68992

-25411

-89930

94640

-30943

-71010

-61630

-64528

32767

73975

-99917

-59899

1624

30212

28042

20045

-60493

58314

-26606

-60524

33837

79592

82336

2812

87903

-89759

-40766

-6804

15261

5310

55039

34474

-30443

-10078

-85361

-22966

38406

60695

97358

-32628

-10822

-44788

-95100

-76601

-38192

49029

-51810

35255

-9874

-19951

35100

87562

-39486

-96555

45046

50122

70963

75804

34856

73261

78047

-607

98351

-56319

-83264

-4746

-12889

38029

62597

47813

62684

89910

57011

76326

66976

56497

-734

-51174

-61671

-66826

51244

-82733

98326

-9070

63169

77299

-53627

22360

-63849

91642

-6250

59191

-64473

86580

-32041

53416

68652

-26900

2717

27159

-93590

-86873

-70971

-4096

-92850

97124

-32372

-16535

561

43376

-59596

24501

-2938

89653

-4499

-59609

-16324

-54604

-59645

-67174

49333

69829

79195

-53015

833

53761

80179

22240

-24824

23658

-85639

-697

82887

-43360

-26440

53701

7921

80353

67825

11470

30530

87118

72896

-38881

54767

-65157

52718

91391

-45048

-83671

-91625

2922

-68898

25851

-29746

-75529

4510

14771

59032

-3088

-90109

-1922

-80033

65766

74940

-19181

73179

28273

17661

47967

87083

-66096

19680

48372

-6275

91752

56392

-39359

78278

14160

-13693

-1847

93798

53477

-91852

-65222

-72387

76874

81599

63854

-30757

-23981

3700

-69879

53626

-89899

49483

-67839

-80340

-56517

-19941

-63847

-54039

89643

-94994

19321

96174

65776

-57026

2305

1859

-2440

2488

-99707

68901

45844

-47641

-81399

-20275

87977

-25057

-13983

-11820

97978

19964

-55471

15969

85078

-40930

62297

-38032

55427

-8794

64904

-35251

2403

29741

-82240

80888

15969

89767

15768

73042

-14970

40951

26097

15189

80558

-4624

92074

92408

37466

11986

-74070

-21362

82019

-85157

7331

40571

-86881

-95236

76103

-20468

57035

-9658

-88034

36763

78523

-519

-5119

74774

-57480

-27352

5100

-23826

22680

26808

31848

-44149

2942

-44246

-1310

70565

-5432

-54222

-27545

62832

58851

-88385

-85791

-51526

34393

-98803

87147

31123

21699

-35439

-50990

13055

-45138

86519

75128

-83187

83957

-21739

11453

-77298

-88144

40146

79869

-12017

-59778

15552

68030

97355

-3270

-50709

95784

82036

27324

-88291

-17343

89859

-78421

86970

-19148

16928

58804

-85572

-17200

-39148

44064

90276

-91549

-83832

92635

22441

30247

-29377

955

-57091

-28663

-90722

86744

-17392

-28943

73872

-20546

78579

49486

-23881

26520

63548

90128

20259

-65970

30086

-59169

17931

-72857

81726

-1154

94411

95568

-16860

36355

21674

-85588

84876

17875

47576

-78808

30569

63836

95098

-93710

-89379

12335

-80781

6425

-81145

44878

546

-38427

90715

77670

3967

-46650

58282

-88453

96516

-3451

45380

28064

16006

-76458

67752

43634

-33654

-2797

-54160

-87701

19476

62231

59125

25113

88838

76773

-47581

-60508

-2437

-75587

11303

-74535

59003

-98824

-55634

-46146

-13975

-2559

50472

52183

28389

44625

24072

60771

44476

26602

79508

-22526

-20839

27273

-61389

92576

-66552

-89190

-53491

84809

6440

-40084

30557

38047

-67665

-90462

-65327

-41205

-67795

-74566

11136

81732

-47546

-12757

-11782

-40320

18875

32111

99575

52882

54067

-38726

30611

-71150

-40915

-33231

-62577

-13940

-6906

-55474

53805

-36723

-42177

-55505

7108

1293

-12006

-68329

-77687

-31428

-58465

76772

-27533

-7384

97726

33917

71914

22675

-28727

-53570

-65361

-77732

24235

85750

-13163

53937

-24158

-5028

29480

38011

32566

27668

93192

80146

83613

18525

14237

-61042

-38241

-6419

-45115

-47233

18942

-29622

-44945

-31979

-35068

-87062

-89633

1952

48575

48649

53447

59315

86217

-69616

-14356

-13923

73194

-76146

97223

143

62864

-37699

-9825

54399

-3865

-30611

36086

54972

13539

-11395

28257

70762

64559

72063

-91077

59926

22201

-86902

-64357

7526

20046

-75659

-1114

-94584

-29890

24378

-39129

30899

21209

92489

-16671

-96819

41005

-93812

54831

3008

-62732

49535

74088

82634

-26367

27591

-23167

22206

37497

65401

91777

67153

30277

75267

-24303

10646

91451

15300

-13765

-99256

-58478

76166

-48340

-2326

-3226

46924

75324

-38109

16162

89765

36783

-24082

-41108

65782

-25647

-23362

83211

-14789

85650

-46895

-48870

-83255

79035

-10405

-66886

48412

56402

72919

46229

-61499

-92843

-43720

-79059

75833

-36412

9357

-67257

-69214

14001

11635

-90457

92206

71257

-18211

-54877

-22022

35645

11417

-24642

-14695

-8515

35113

-14533

44517

14355

-56674

-3357

-52709

67819

70206

15880

-40721

-49469

-3860

-69535

92901

9643

60797

-74790

17263

57717

-46197

28027

-17000

35386

97674

-37459

41482

-65271

26499

-13678

-12660

78479

-90847

3571

29492

29004

45304

-38929

20639

16484

51651

76964

-65183

-64214

-20777

63357

81828

-1805

82807

-76238

35615

82863

-63022

-18828

67237

17313

-37797

31258

44108

67621

-29422

-73429

89555

65278

-93351

57212

-20962

71700

-74675

-97413

504

-88144

16548

-68543

-49478

23081

72481

-53777

-11727

63683

-12904

17430

-84563

-79756

92074

-64977

-15

35774

-17228

94152

28516

-9288

45871

-14189

-54307

-36973

50882

-29182

-41489

-22894

-59206

3348

-46007

16375

-84251

-39514

24926

-90222

81655

-17901

57712

94781

-49442

-74921

35910

9070

87964

-1121

-65097

-72191

-80455

6248

-62093

27430

-48729

-91425

-17351

-5872

38329

16913

79590

-9646

-31296

-77978

63909

-12644

-19667

39928

41093

6293

60216

-87898

-39127

24487

26657

-6358

2127

-12339

-28212

6410

7793

86272

85227

31544

46416

94290

-59378

-54388

50191

-38413

77149

-4643

-53416

-46503

-29859

-53256

97033

-42791

-47366

67778

38455

-74916

25255

-56622

-37896

73292

20650

66249

-92671

76133

-50896

-83672

-59899

-77071

-26336

-74425

42717

59625

48462

10292

95647

-76916

77531

49465

59270

34537

-85215

-4520

-10930

-72766

79141

41337

-49329

60685

76837

-1360

52483

46605

-31873

63407

38653

57723

-36899

-83352

19374

-24281

-4934

71139

76162

-15814

90155

-11525

26668

77112

-58156

25496

-32389

-1529

-99256

10299

78778

64802

25192

1033

97822

19512

98221

64982

46478

-65166

87425

-27925

-92307

-80069

78966

89129

-1102

-73105

-53970

44434

-79699

-29925

15511

-45488

70502

-87765

20102

85323

80537

66477

-38357

-12698

77364

-18677

-52747

-97019

40941

-97079

-17040

99295

-15902

-24964

-33893

-92980

28515

16303

64138

-1787

25019

82190

-34942

62540

71597

-98158

21048

12888

54914

16336

17759

-37783

-92943

-28250

-40156

-33750

-55427

-53978

32372

-3814

-54410

-64781

-51353

22105

-96478

-19749

-9311

30422

93287

-37065

-52871

62607

-76751

-50100

73018

93390

-5336

25497

60421

31788

7236

64181

59689

91323

89611

-23022

-72589

92648

39179

90633

81

-63006

-73721

60615

-9425

58286

85736

95077

-86378

91686

44591

-10339

-86153

-37861

-50568

-93104

-44437

-53601

-61492

-45559

29583

-57639

-15412

-29732

-95370

-93503

54295

77220

14881

96235

-83859

-49313

63065

39811

-25541

24264

-49975

-47321

-25212

-24052

-83371

49326

34635

78129

-24497

-63207

95733

-18591

73289

13261

99707

11342

-34119

-94851

-235

66678

-32077

-37925

-30142

-13451

-12182

92211

-40921

54647

70459

-80288

-79904

-91564

-49034

-81329

75933

-45213

97253

20633

-66390

62896

53665

-21535

-66191

99511

-53351

40068

-47035

7854

-53689

95259

-85400

-10166

11552

-87495

-32436

-266

-27038

-1945

-3097

11132

-95394

-65576

54523

-7693

-85636

-76976

23531

64521

-2450

26979

-29418

-47405

-23427

-26932

-30982

33205

43841

74054

-67886

67031

-10129

3123

-67417

-28552

-64293

24032

70945

-44779

-39871

-81523

-61265

-56131

-18045

71266

59994

79205

39142

-11691

-12648

6579

99646

44091

-78889

-53684

48764

-73141

18114

-26518

76687

-50778

-64697

58750

-23353

12586

-19770

-1528

16575

73366

57576

-4005

56534

-49933

96913

74332

99045

87323

61677

12702

-38500

-18389

34965

39576

-59874

-40778

25451

-64231

-6861

94273

-12524

23331

81066

18622

-87078

-76762

-30910

921

46693

78954

42211

86622

-66178

-42404

47895

40904

47641

96424

36245

79494

40847

89460

-98693

-84832

-3389

64445

-39053

-57217

26998

-13868

60706

40167

43785

-54349

-79279

-62658

36963

85175

66543

75655

73731

37372

-8028

15079